100 2
214 311
123 998
695 565
18 778
448 127
955 406
641 462
641 781
836 964
620 286
338 942
833 462
290 957
52 133
833 226
235 694
143 842
86 91
891 279
607 577
813 55
161 225
680 539
438 101
804 72
527 317
136 607
459 507
79 468
901 76
964 883
231 984
320 232
230 988
880 117
632 922
845 784
455 367
811 413
340 575
769 486
485 58
904 477
885 978
144 132
450 901
831 853
88 493
165 665
656 165
862 415
905 963
525 745
108 737
711 76
824 177
429 285
111 795
241 84
46 911
748 447
159 936
813 731
184 387
202 715
589 349
331 757
258 148
6 935
140 953
482 73
855 554
493 304
963 363
862 767
562 902
123 242
835 293
121 501
115 375
158 703
874 716
176 786
360 217
469 813
353 784
790 698
864 682
569 948
759 777
658 366
128 957
598 652
930 74
385 472
322 938
447 812
641 389
350 959
794 813
