129 120
33 241 784 596 10 906 497 398 739 445 475 718 919 545 692 675 951 495 951 40 234 502 716 695 870 288 494 386 996 181 240 594 212 303 279 28 947 532 537 204 889 171 345 419 880 798 945 374 188 467 269 475 900 667 350 385 31 709 852 441 317 823 721 741 807 675 422 835 529 936 405 251 669 707 487 158 174 903 984 386 611 684 907 831 557 384 772 662 461 158 227 969 696 43 873 138 355 10 727 972 462 204 548 755 604 455 207 901 661 730 447 989 896 388 397 365 188 336 211 555
693 226 401 636 74 526 249 212 150 731 10 896 313 281 847 577 713 608 485 136 997 47 779 452 787 552 185 232 563 235 185 284 630 142 366 453 808 69 683 849 232 200 221 81 245 471 569 868 79 992 345 676 837 372 583 213 541 512 231 146 462 743 763 713 402 693 827 530 622 319 97 511 479 885 435 440 925 951 135 116 824 660 611 536 739 418 656 354 740 73 312 598 683 789 912 548 138 638 600 598 662 680 229 643 369 618 836 98 749 399 709 202 687 115 591 171 395 120 24 558
855 385 80 612 401 905 399 347 815 119 85 808 672 45 403 359 593 456 120 256 618 879 199 71 352 145 901 270 224 453 654 597 186 339 361 987 445 736 708 917 638 992 413 602 721 577 626 342 108 872 582 406 76 316 703 561 526 265 621 780 648 986 980 991 433 861 515 153 51 503 640 244 633 231 371 483 369 116 575 897 679 597 144 146 727 403 97 534 514 226 383 89 327 323 119 954 886 813 340 981 51 189 630 96 365 104 240 294 773 948 934 366 259 646 735 954 947 236 992 683
826 127 302 631 60 257 379 6 656 200 112 565 10 114 739 788 77 633 601 18 550 201 263 579 523 117 501 423 632 991 574 748 404 464 78 778 291 792 579 801 131 494 783 628 827 375 49 215 560 664 542 416 946 811 913 382 60 390 531 606 418 85 366 796 764 427 93 917 495 573 221 828 972 754 180 159 595 988 340 844 506 79 659 303 241 386 586 117 668 227 87 46 631 425 363 837 545 116 349 161 390 90 258 567 645 109 121 111 424 192 418 580 126 920 153 92 595 857 726 933
2 864 225 476 123 929 573 571 635 858 70 30 232 880 101 22 111 568 168 621 510 437 804 933 491 414 317 463 214 109 441 647 938 993 985 377 803 426 708 715 647 425 638 147 211 430 282 905 795 926 85 893 568 665 285 920 232 232 89 466 154 18 502 756 678 668 937 285 330 945 369 795 547 127 343 242 998 468 238 518 717 246 869 82 559 817 648 105 267 942 240 662 405 846 173 524 574 578 235 204 844 123 709 762 328 907 7 988 582 98 97 259 558 655 188 589 443 263 151 491
717 515 835 573 498 531 214 462 431 214 723 691 854 801 538 642 413 689 368 511 366 286 835 787 428 499 195 483 496 510 825 856 284 570 512 703 630 490 135 220 124 541 390 266 354 458 672 262 994 881 324 879 364 878 681 979 777 378 158 281 46 363 481 53 644 313 438 150 254 34 750 177 114 373 518 286 737 942 777 414 627 175 33 184 955 959 586 934 352 180 88 78 774 510 968 110 779 445 573 332 195 127 883 575 763 921 854 50 140 802 697 969 227 655 367 997 36 790 842 578
501 461 881 258 236 121 939 604 410 702 909 345 352 117 357 55 901 604 708 559 540 552 961 160 807 501 969 937 106 815 375 119 6 498 103 151 147 36 487 663 966 238 830 307 264 685 593 350 782 933 728 266 796 198 11 902 117 123 135 988 938 476 798 538 490 972 892 741 455 393 404 344 415 940 564 579 923 338 516 32 304 201 826 910 928 205 785 663 460 471 793 810 187 984 466 767 378 102 583 94 499 27 922 485 137 573 221 906 950 118 431 821 542 683 399 183 436 226 114 407
123 885 442 908 894 811 817 149 596 744 684 385 684 343 211 136 360 242 459 180 661 613 858 786 830 652 393 398 540 68 557 911 837 43 428 10 745 551 283 395 302 769 350 30 98 530 189 102 73 359 200 17 50 198 365 541 364 502 320 634 875 900 565 639 135 828 274 83 324 71 97 812 714 901 882 388 125 748 570 100 813 213 355 828 105 789 830 113 978 682 920 666 472 71 701 275 411 220 355 161 848 579 389 649 448 709 147 948 742 999 74 288 62 352 655 964 631 335 485 902
331 950 595 475 953 708 892 417 219 177 715 353 778 385 262 504 852 392 725 416 480 413 47 244 408 786 699 123 67 439 582 951 893 978 204 567 729 65 436 871 188 359 603 406 303 340 723 896 384 199 946 152 107 687 380 717 992 98 506 367 821 354 811 666 734 920 871 540 213 942 970 833 750 760 472 313 464 507 749 46 511 204 534 530 886 290 357 481 287 349 923 863 725 314 716 94 777 33 616 58 399 760 834 849 707 657 327 935 815 659 511 164 529 36 305 911 717 33 152 643
927 265 556 994 475 843 382 257 21 287 960 385 354 935 301 211 73 450 558 220 796 718 960 47 182 927 958 319 304 576 537 288 107 473 4 397 924 79 152 438 378 576 248 649 910 237 848 731 915 945 522 776 771 105 650 349 358 733 415 181 785 34 227 359 746 571 538 378 673 149 753 651 938 661 496 980 241 268 635 289 557 681 806 834 396 53 405 779 961 12 493 875 440 680 173 353 772 610 22 783 827 185 777 505 564 731 668 17 536 581 244 399 655 78 649 567 558 221 726 881
192 498 164 777 676 634 529 613 987 618 608 879 759 662 999 300 67 586 993 948 311 443 504 850 493 1000 550 955 939 705 305 367 192 885 502 416 963 234 558 703 429 140 540 889 937 621 695 307 391 373 496 441 373 156 167 874 24 319 856 937 110 933 322 996 868 451 674 256 288 83 336 932 267 966 354 448 700 684 876 886 965 15 358 269 926 886 908 633 903 932 430 401 90 915 842 185 635 169 258 618 561 303 870 503 395 430 455 214 380 590 794 730 52 99 598 962 764 451 303 119
444 898 422 382 368 991 270 807 552 259 69 779 556 516 489 76 178 26 99 515 806 214 124 670 514 628 980 605 589 304 275 336 788 280 235 543 849 370 52 258 563 986 585 870 56 953 312 93 950 533 30 454 901 691 454 809 790 865 442 136 416 684 344 573 714 242 959 642 600 877 364 912 411 477 584 285 115 934 31 331 284 95 4 833 931 904 682 307 33 399 505 550 297 38 894 775 672 333 779 832 71 949 908 78 258 696 772 880 292 34 994 239 465 586 90 332 690 83 638 673
230 336 935 374 968 435 381 672 505 247 933 408 873 661 417 577 128 283 142 965 185 94 857 247 906 860 771 186 683 111 832 35 696 407 994 683 550 186 489 91 25 96 337 581 320 939 531 160 599 694 200 888 91 367 811 444 104 750 120 611 186 214 161 929 818 628 813 458 417 529 829 829 906 902 579 703 933 336 550 672 846 509 563 807 848 940 87 113 804 439 435 957 412 573 893 842 691 834 353 875 484 458 457 702 885 641 823 249 281 239 100 102 98 649 876 239 814 429 982 902
944 447 917 252 682 524 405 83 115 843 799 512 124 76 813 775 64 962 167 413 756 458 518 961 603 81 129 362 609 687 158 986 708 925 305 614 217 232 602 996 428 126 347 618 777 673 802 30 920 265 428 216 94 275 177 406 390 493 465 887 130 350 652 172 359 586 59 961 233 498 480 538 536 933 403 516 222 805 855 192 957 369 891 567 285 775 523 388 595 738 778 216 202 739 269 598 288 520 1000 195 600 684 823 601 997 264 362 660 130 689 408 683 890 162 438 196 478 73 75 281
577 478 14 913 313 915 945 614 150 55 605 665 579 168 359 56 165 61 606 232 68 91 812 534 792 998 823 655 765 563 559 684 660 140 442 482 751 725 461 181 777 205 158 857 824 133 904 722 139 477 166 338 277 305 572 645 796 580 539 143 222 613 257 53 271 10 701 28 91 528 15 841 45 463 804 13 15 251 815 374 367 310 621 640 873 303 458 89 358 62 269 12 848 173 382 444 946 11 272 415 724 96 584 677 83 423 921 130 568 645 295 801 248 873 637 82 511 802 405 247
514 946 660 668 417 704 650 946 364 961 722 792 77 449 422 531 474 246 20 417 755 655 864 950 194 508 742 979 370 629 225 589 840 330 915 490 536 911 650 994 814 687 925 409 784 447 348 172 843 893 399 680 491 326 233 738 617 791 815 872 698 188 208 290 685 871 130 502 446 880 39 530 990 852 692 300 704 564 300 92 299 451 133 852 468 749 745 999 601 749 64 557 163 257 977 719 383 428 784 434 583 973 207 429 229 247 494 634 438 196 129 350 579 345 437 193 830 95 710 736
893 843 94 878 231 536 907 592 589 336 594 214 437 522 623 620 917 78 786 712 342 778 377 973 691 814 715 708 108 979 288 160 395 37 878 583 701 294 54 602 455 78 81 43 859 535 196 186 881 33 753 392 67 145 496 267 422 527 930 794 732 121 56 753 313 717 164 752 92 130 76 124 819 240 231 928 40 642 227 119 199 586 402 400 593 776 577 570 987 932 950 388 76 827 545 895 254 435 843 470 901 698 644 485 583 73 764 825 784 980 45 726 948 746 789 100 87 32 103 107
68 792 894 376 859 461 537 826 648 813 142 925 157 916 854 992 989 673 819 801 821 285 255 191 253 59 507 291 385 371 22 124 253 241 588 371 801 812 585 792 612 367 632 652 542 307 57 753 590 925 299 611 938 92 150 645 534 722 772 202 37 623 194 428 901 561 732 804 449 613 162 976 223 699 475 524 962 148 175 238 621 168 244 130 421 710 384 807 878 888 852 599 375 696 693 434 648 486 682 738 801 214 953 104 925 126 701 294 657 766 756 900 335 860 429 916 922 711 200 855
484 750 585 754 898 620 380 108 463 848 826 793 751 651 314 15 281 898 166 116 390 244 6 937 988 273 359 838 661 430 22 574 979 347 309 542 947 203 545 847 721 465 78 638 458 898 894 574 3 94 165 690 755 160 816 871 19 120 752 909 320 234 62 183 689 371 932 735 186 375 812 391 485 811 897 489 940 559 910 997 20 990 907 707 513 317 470 515 900 468 26 813 160 21 141 290 980 603 121 463 202 553 20 711 253 744 754 522 429 503 132 815 184 676 45 29 934 446 519 605
998 407 493 728 174 101 690 114 823 933 85 251 54 754 449 290 61 952 523 695 706 582 684 631 730 4 364 910 530 364 924 129 161 684 367 809 615 495 70 283 540 646 22 371 894 177 704 271 866 605 414 546 520 242 470 577 853 11 593 938 485 576 583 909 971 949 436 84 702 507 277 84 541 405 790 61 578 886 31 489 560 907 99 365 694 913 373 427 390 827 594 457 586 206 863 244 825 325 975 637 152 8 754 650 426 220 538 987 110 226 250 943 357 702 833 426 835 745 567 956
965 524 953 13 661 717 317 638 807 266 890 932 430 414 190 2 722 108 532 318 125 953 404 309 818 686 302 561 785 652 570 38 349 740 220 826 505 977 757 681 693 2 954 579 679 755 100 626 133 995 6 969 162 649 14 211 496 131 733 57 504 260 523 380 627 759 514 489 439 919 193 115 698 831 760 847 976 184 548 803 793 776 154 385 352 926 465 55 573 803 400 118 573 564 960 933 988 910 361 514 337 289 777 312 855 428 37 536 21 81 761 858 816 56 318 897 458 813 396 108
551 603 657 483 297 299 720 21 166 806 757 465 844 510 826 389 624 843 653 560 59 132 93 892 651 197 534 897 400 118 425 304 802 480 310 879 423 958 965 850 62 642 192 718 680 249 38 196 389 897 647 741 894 490 685 213 646 774 43 953 360 643 824 590 463 469 727 405 522 488 316 4 162 424 945 688 639 929 528 234 692 554 21 32 895 830 567 604 419 891 911 844 485 674 865 628 785 490 780 920 548 461 14 402 619 310 486 915 57 288 156 180 834 61 905 476 970 745 742 913
184 474 354 103 265 383 977 465 215 38 293 695 145 529 125 903 633 877 510 759 154 408 425 39 589 619 111 760 449 397 709 695 37 140 481 467 403 65 27 787 94 337 274 378 589 100 634 463 386 921 116 701 714 262 615 729 427 152 503 831 896 220 362 633 369 367 876 534 564 577 221 355 720 75 49 583 789 183 860 942 614 9 16 807 528 48 252 897 121 913 868 506 646 293 267 392 615 861 264 722 348 212 313 885 873 468 938 456 985 242 266 351 189 496 250 751 134 774 54 503
262 504 481 88 405 629 505 898 55 648 427 730 235 127 213 570 651 291 363 874 188 606 518 173 214 597 282 723 58 980 616 789 915 172 654 253 674 992 838 305 169 796 158 777 841 865 736 366 164 902 942 818 624 286 735 813 243 745 137 198 55 197 201 581 822 938 291 99 295 486 337 754 905 97 168 635 521 711 546 624 380 562 705 368 849 188 761 508 541 405 233 780 623 846 232 955 977 674 313 715 655 117 911 104 253 816 817 137 876 806 56 387 530 523 265 314 688 548 702 214
857 425 105 137 999 27 277 548 59 834 412 373 561 94 778 211 772 439 795 391 273 713 157 657 542 425 703 792 882 840 716 341 758 590 836 534 207 480 827 71 593 131 755 564 585 283 533 774 157 30 558 39 57 314 481 643 971 423 703 874 262 873 538 519 20 621 76 944 331 717 305 486 730 490 35 794 527 78 81 878 434 999 374 375 769 536 125 91 724 687 158 422 992 600 581 37 113 846 830 482 540 390 264 714 31 769 882 335 216 459 23 51 603 703 528 79 665 300 169 608
686 523 429 947 853 64 376 74 251 69 360 884 796 718 766 329 968 499 999 794 317 612 148 589 64 818 301 947 390 772 388 826 238 701 508 302 119 557 741 663 135 791 92 472 252 517 163 484 298 938 942 552 932 670 21 190 88 232 571 784 225 169 49 977 681 637 606 929 961 848 217 395 170 858 367 194 47 965 921 557 316 545 89 932 90 588 238 453 780 990 125 484 328 566 487 262 733 452 686 392 11 621 64 276 956 749 387 108 913 923 286 104 905 210 954 75 609 964 163 988
164 97 205 529 245 459 888 396 808 760 699 900 574 756 260 953 777 638 754 735 861 901 543 219 619 885 337 663 697 160 704 354 73 822 812 516 415 95 727 340 69 452 869 338 183 533 94 523 801 877 484 997 119 334 928 725 559 237 97 971 94 897 513 691 863 324 54 969 231 91 874 778 293 852 228 695 402 692 637 24 176 186 167 817 210 105 164 740 73 319 935 384 883 706 674 303 400 326 459 352 363 435 932 82 28 138 620 669 797 22 957 653 340 107 711 337 450 922 255 324
416 685 370 430 39 736 6 723 276 697 57 48 206 876 132 279 75 281 398 443 258 832 831 133 859 894 968 19 534 270 247 238 729 374 567 988 5 10 606 880 44 89 844 860 126 587 379 273 419 774 609 282 950 738 98 589 184 211 584 701 18 452 908 963 454 953 495 887 640 344 274 619 39 28 673 475 993 58 354 24 124 849 614 863 967 968 212 498 234 469 234 972 870 305 820 698 343 986 593 690 532 340 808 718 947 959 368 635 788 141 689 960 446 833 603 968 965 287 738 193
327 699 304 868 534 492 969 950 473 172 147 366 546 859 136 159 174 716 108 882 714 549 884 401 35 507 233 618 625 217 598 96 203 298 324 48 366 379 736 901 14 204 482 682 432 839 335 738 268 698 373 553 637 270 257 80 831 283 522 660 30 777 260 347 122 569 378 779 543 224 716 345 385 194 168 897 211 350 48 440 568 498 456 643 179 479 60 131 985 283 34 434 526 890 75 499 800 76 553 822 970 798 346 256 802 272 6 935 698 785 554 454 514 991 771 395 894 671 81 332
853 668 25 22 817 305 468 51 430 226 730 372 165 987 908 791 487 916 376 726 562 738 608 484 6 826 191 531 139 747 150 198 135 967 147 143 59 806 28 389 730 740 553 169 832 639 318 777 228 611 121 873 509 824 81 933 278 970 215 768 875 507 880 469 311 81 747 180 326 718 825 589 128 395 829 216 325 325 860 26 843 629 448 20 812 473 256 924 474 641 527 300 193 143 270 879 987 307 58 588 857 807 401 822 272 449 941 491 261 290 867 985 518 980 251 865 504 866 905 89
413 198 295 452 403 512 282 900 690 427 609 361 5 282 137 982 503 590 727 999 630 373 301 612 980 319 509 880 679 117 394 285 306 368 1000 181 31 399 591 582 584 263 409 723 86 609 855 190 490 47 596 86 454 775 713 699 29 902 612 201 409 595 779 502 93 985 138 820 330 242 794 49 71 236 64 978 64 90 29 436 197 979 906 988 626 640 643 880 255 470 708 122 374 406 191 779 120 501 761 81 624 965 610 234 787 954 392 661 170 482 567 373 518 402 692 910 358 86 285 862
865 81 29 739 557 593 618 30 107 150 396 676 69 318 991 614 188 173 994 566 387 105 563 787 625 352 348 13 547 902 542 815 405 368 460 838 478 82 697 305 125 657 775 182 666 503 757 632 414 388 907 714 394 360 339 919 238 452 644 377 124 166 615 952 957 244 514 468 905 927 536 838 334 253 422 205 649 101 976 100 930 791 571 645 802 368 646 954 339 74 25 891 677 231 607 524 414 837 358 433 358 552 212 86 183 8 337 377 42 825 652 110 589 35 283 213 150 141 185 763
590 396 620 441 423 688 301 673 989 481 291 297 818 692 960 476 697 716 566 546 715 749 62 433 615 834 420 844 918 508 961 778 873 517 763 831 130 104 836 941 452 571 444 626 279 365 7 442 301 686 512 606 695 715 472 631 447 402 436 960 139 306 130 489 629 178 781 672 301 421 786 310 309 60 552 808 718 39 188 984 803 861 769 263 632 408 296 613 685 52 250 909 37 388 748 284 191 565 371 386 348 181 918 42 955 42 252 826 756 784 537 235 884 759 1 18 570 183 100 479
24 380 612 219 859 497 478 952 122 396 47 695 674 429 384 352 489 772 292 54 593 845 384 91 608 599 692 376 444 411 161 242 243 160 198 769 951 152 582 957 277 185 862 884 887 864 784 561 761 301 648 387 7 926 86 631 297 796 892 176 799 125 117 636 123 132 865 970 905 666 140 354 299 492 161 344 980 81 329 941 34 281 90 175 230 355 6 955 718 462 505 445 102 464 877 448 3 912 622 462 235 961 481 117 191 340 461 317 837 163 351 476 517 571 99 908 13 136 263 125
544 995 18 715 629 106 227 612 950 532 784 59 448 377 829 395 748 18 892 656 947 381 390 60 691 657 153 954 396 172 158 474 1000 370 508 444 17 812 757 743 2 619 922 787 973 729 476 237 311 598 945 434 491 416 445 688 353 195 166 736 409 770 512 635 901 594 575 772 295 244 928 345 143 12 870 393 330 801 390 439 949 489 454 380 24 365 958 547 583 268 351 763 368 866 571 74 568 124 878 26 864 96 600 272 423 316 816 59 624 790 366 889 148 514 104 708 137 703 714 505
48 695 854 949 432 306 980 522 602 152 215 731 436 675 205 424 742 193 133 845 119 307 944 21 919 660 816 105 342 281 779 216 683 407 141 283 971 596 93 503 36 49 613 116 69 324 400 268 29 353 139 493 866 331 922 823 446 929 394 40 805 196 48 172 985 599 217 247 330 271 970 735 518 110 55 279 439 449 236 192 357 101 567 56 618 922 314 816 413 700 530 937 341 115 213 799 757 304 247 653 689 53 103 555 146 816 618 466 169 725 696 131 173 56 18 397 453 16 973 496
694 804 206 701 549 531 968 750 133 837 830 985 677 77 39 249 110 802 493 960 47 816 883 639 614 737 48 291 313 747 249 810 998 426 613 970 194 214 308 852 48 605 978 984 211 332 94 571 145 440 80 865 235 525 499 988 588 923 115 944 961 372 52 139 575 215 796 309 971 250 932 436 971 64 38 114 468 777 135 214 438 720 20 260 288 63 996 828 210 444 264 363 162 231 154 948 95 221 736 197 856 400 660 581 843 664 360 56 362 181 935 460 650 663 855 892 64 834 786 386
531 316 333 139 694 140 300 611 533 568 888 182 109 451 38 384 338 86 81 44 558 920 580 718 810 475 69 225 888 164 783 784 673 777 441 454 27 547 413 516 664 856 854 553 380 692 386 808 27 470 886 228 806 941 391 562 154 431 548 895 123 258 551 374 539 280 287 442 364 729 77 13 636 260 728 555 911 866 55 820 246 499 823 178 381 752 5 660 775 335 447 988 315 581 592 187 917 653 136 142 682 650 706 698 854 309 131 308 787 713 957 791 443 998 957 448 354 863 214 334
778 281 18 793 668 673 140 390 583 638 195 944 265 408 683 910 373 856 98 359 213 211 137 655 258 195 422 848 631 701 752 427 412 148 269 360 224 46 412 661 299 25 270 630 49 333 295 113 892 977 119 103 609 391 38 580 14 405 162 567 66 496 973 703 395 929 41 439 966 6 721 438 224 351 884 47 683 483 250 207 409 915 942 987 890 773 810 138 421 473 440 238 385 918 800 549 422 312 914 16 40 788 642 499 19 253 109 357 420 822 668 756 181 715 527 131 158 401 290 597
806 644 278 309 671 616 146 442 710 876 852 616 1 437 894 585 172 721 704 71 30 312 885 310 371 342 359 472 809 134 110 169 583 80 401 839 588 320 523 37 521 345 331 174 642 148 509 410 702 656 40 619 311 520 13 821 715 847 209 325 697 778 681 130 139 778 685 210 437 185 289 223 353 581 961 29 130 195 317 696 982 254 331 366 883 880 349 87 733 742 279 815 907 21 644 157 429 797 275 851 848 515 410 655 424 129 601 630 582 855 577 688 211 506 718 468 27 143 867 758
12 714 711 137 36 14 796 64 894 96 312 800 511 588 664 641 637 440 635 169 969 956 773 208 513 318 29 446 870 703 279 723 209 661 498 835 701 973 210 841 196 8 40 495 419 722 609 398 60 97 125 15 441 206 486 535 753 850 6 518 940 927 912 824 223 170 977 696 377 892 461 555 97 831 473 669 835 555 154 258 78 252 727 603 394 401 506 904 66 85 8 300 257 63 283 174 590 325 771 644 3 236 364 492 297 328 150 247 355 336 255 1000 85 26 790 460 371 646 925 965
957 418 723 294 896 246 302 8 672 60 723 351 573 959 662 800 435 575 201 745 803 10 722 718 989 125 580 190 876 764 112 812 290 262 940 637 845 364 45 316 572 566 138 577 569 904 295 319 944 25 331 782 841 216 509 858 95 710 557 559 67 194 549 420 393 230 630 180 111 169 503 232 878 854 742 686 552 871 559 353 627 367 567 570 513 404 859 752 929 584 411 156 229 722 377 695 109 95 776 469 777 725 485 969 784 801 442 950 609 327 305 817 522 385 997 81 431 600 758 534
273 630 649 617 959 813 435 348 207 10 188 288 302 48 187 125 773 1 496 316 350 821 566 209 326 710 439 925 77 899 585 191 535 16 902 801 14 361 864 710 573 19 168 45 816 999 910 3 882 709 418 752 886 657 705 875 353 146 961 770 127 345 135 460 804 190 366 29 473 557 937 338 387 432 944 791 224 16 394 809 349 647 727 610 663 76 182 869 744 292 719 353 370 941 929 744 92 283 897 279 704 305 582 431 229 257 148 936 938 78 303 878 89 625 777 333 276 224 277 592
256 25 793 712 277 39 512 643 340 773 362 631 377 820 307 380 625 532 11 650 587 218 670 720 482 876 258 806 838 189 983 52 353 565 450 275 23 637 781 660 183 757 334 252 611 821 489 651 511 773 893 522 644 253 811 771 89 879 538 561 244 285 136 448 369 24 323 498 120 151 842 917 660 583 916 476 401 905 82 124 198 873 1 885 531 263 959 601 168 982 670 353 909 999 443 934 808 368 103 79 530 635 425 707 854 477 239 143 116 855 348 137 127 346 523 538 889 666 413 235
799 274 497 656 979 503 666 818 306 537 535 385 333 808 576 937 947 812 478 458 773 866 46 982 64 358 234 976 839 742 64 595 918 487 440 287 904 206 953 116 984 321 838 522 274 175 8 670 10 427 975 686 457 889 713 163 713 293 864 66 730 790 457 983 252 350 128 591 9 12 254 93 360 289 133 956 747 488 290 288 752 654 363 782 775 543 110 610 203 307 78 9 53 629 153 499 268 74 236 252 831 624 847 362 832 203 987 782 761 495 833 560 797 130 899 131 200 985 218 534
404 338 561 604 615 498 185 100 449 718 823 19 903 252 266 369 669 210 870 640 554 208 4 389 917 955 321 345 566 304 812 372 908 755 369 68 815 719 422 969 61 780 956 558 711 390 334 453 997 608 119 21 647 732 723 176 633 920 491 523 670 873 829 879 895 704 285 832 114 735 210 332 366 754 622 498 438 802 545 151 430 571 804 836 756 663 332 614 150 256 198 676 929 226 537 183 485 257 791 396 884 470 945 430 991 63 640 656 468 861 655 326 368 149 301 320 617 909 640 602
609 743 547 701 484 502 689 482 752 49 556 428 951 929 909 633 684 673 226 667 396 98 669 758 466 350 195 483 504 324 646 720 312 572 397 840 577 686 656 556 581 821 764 616 969 531 947 153 744 966 677 617 947 332 746 617 194 420 783 145 23 246 836 796 581 477 735 579 106 740 880 373 40 644 305 863 912 269 955 205 409 214 896 534 158 592 634 294 379 446 931 114 373 333 258 958 595 884 392 406 699 114 564 159 683 934 160 882 825 367 502 462 979 793 532 951 33 186 123 70
226 193 596 909 351 832 3 414 940 164 694 527 647 659 381 254 893 886 459 873 254 84 964 503 200 824 489 893 683 207 279 147 831 472 214 23 743 660 558 454 263 189 958 427 698 979 936 623 508 630 288 832 919 133 725 289 622 471 846 245 642 185 408 875 708 270 730 714 941 171 977 686 64 555 894 36 729 558 697 256 86 333 541 633 480 512 641 322 747 353 955 529 489 818 984 507 544 705 728 549 757 39 22 710 105 405 285 644 147 401 184 817 799 870 168 114 948 853 817 614
186 282 62 892 944 112 708 952 64 468 823 25 76 256 976 437 334 318 203 165 524 731 416 201 954 930 909 69 128 669 224 955 800 270 8 268 563 99 796 763 54 356 834 344 148 68 985 397 678 257 135 858 613 110 964 104 904 693 735 403 237 158 576 325 26 888 587 457 624 895 161 982 356 834 60 463 140 397 36 304 146 997 267 633 667 551 165 481 58 543 750 811 369 976 173 224 133 730 415 360 454 207 27 825 366 83 345 671 551 922 516 76 437 111 637 322 258 79 833 9
282 364 621 251 80 844 16 565 624 563 230 388 826 382 62 228 658 587 467 903 910 833 431 315 443 689 152 684 574 960 658 481 23 911 379 356 469 429 537 826 929 366 881 877 913 97 776 709 745 865 697 928 182 885 445 473 703 340 666 480 220 499 84 266 817 311 357 763 620 367 212 640 60 68 113 869 598 43 122 862 795 913 614 696 531 27 512 831 60 579 383 399 510 773 894 771 865 755 426 222 711 875 644 627 630 573 888 976 885 342 257 417 286 840 631 9 79 106 222 135
609 293 149 573 848 910 650 242 215 578 60 769 109 948 530 360 194 34 636 490 139 815 793 163 247 185 141 951 591 952 82 929 689 487 949 231 48 528 634 568 357 890 889 873 402 89 165 286 420 570 62 672 914 8 266 394 192 842 436 984 685 785 735 710 287 702 125 362 460 418 495 861 962 732 489 986 581 632 459 926 623 133 679 74 614 244 677 781 217 971 15 499 308 119 282 679 964 485 501 341 680 675 137 368 52 762 677 495 889 753 36 365 681 149 200 992 88 2 541 905
752 720 796 844 520 857 358 909 889 361 225 282 1 906 364 898 160 258 277 722 189 326 634 608 172 545 97 414 510 940 95 51 279 483 887 65 507 620 700 136 448 511 699 879 761 334 175 733 370 151 503 505 503 157 635 641 323 525 551 696 299 518 406 576 378 285 897 84 178 991 512 887 548 710 373 485 977 298 463 188 108 951 131 68 348 937 507 840 751 205 564 743 479 60 533 303 891 644 838 721 764 89 716 677 857 966 188 489 171 483 724 213 115 307 149 967 371 351 180 767
935 604 284 917 595 795 680 90 798 786 123 63 777 840 679 789 161 230 231 964 529 224 931 850 671 986 696 359 200 696 648 748 212 555 886 32 206 125 190 77 816 788 594 924 57 773 99 594 132 962 444 639 477 883 405 48 696 376 271 171 92 934 165 69 879 523 689 858 763 407 176 336 650 58 231 515 280 900 369 514 95 167 300 492 654 401 670 745 675 913 536 185 668 216 442 104 200 305 907 670 1000 17 198 566 582 158 370 802 676 756 222 608 404 200 672 6 756 849 958 863
818 551 822 20 608 935 135 790 608 625 7 864 140 868 873 807 634 122 541 607 661 578 799 153 110 632 622 450 221 190 671 173 592 678 689 62 626 657 878 621 992 52 421 555 66 870 831 757 202 906 936 725 685 166 641 918 456 216 64 560 697 455 60 97 167 54 428 460 39 641 506 151 745 216 365 688 427 284 59 459 113 717 156 908 147 630 272 182 428 715 933 377 106 366 622 544 158 704 286 217 885 217 711 459 584 177 149 445 498 874 86 233 874 364 232 682 670 480 287 438
576 98 649 959 179 678 289 863 752 262 102 634 982 928 246 141 905 900 400 88 262 281 271 338 253 634 712 193 968 705 704 638 855 667 728 365 294 747 554 956 725 380 120 981 636 578 233 65 537 908 528 338 870 178 384 920 100 632 582 802 379 77 640 610 940 887 422 383 574 141 551 45 447 578 552 413 81 234 484 199 27 709 384 49 159 595 58 697 65 930 120 319 785 753 936 65 241 631 181 81 938 296 353 409 836 740 462 69 962 261 865 709 856 142 9 475 978 754 42 763
754 691 200 397 758 59 391 642 269 290 839 52 226 23 172 54 953 486 588 684 960 534 820 474 173 104 955 601 542 421 4 898 109 580 439 685 699 808 726 839 956 247 253 981 678 305 940 169 160 317 589 536 912 73 201 6 935 817 705 598 261 8 286 287 212 510 319 314 999 268 189 787 212 926 75 638 739 974 517 512 732 681 517 424 185 953 395 765 677 141 417 472 233 516 300 496 717 131 532 525 655 419 977 667 296 933 316 998 369 71 485 493 610 154 777 766 243 811 396 757
378 844 202 83 663 580 846 25 133 842 402 51 485 899 266 136 637 311 102 829 846 164 15 387 470 786 818 899 343 312 279 776 141 30 458 464 112 255 534 630 626 995 283 302 682 523 275 752 694 686 847 914 315 427 482 986 671 554 635 446 136 960 993 607 426 369 823 940 615 875 281 497 573 107 809 45 592 902 872 270 35 46 182 992 727 618 64 425 457 892 710 924 471 597 177 89 144 572 326 336 553 143 466 74 746 429 600 579 337 591 697 507 188 479 561 589 881 249 736 544
994 689 193 153 14 685 38 704 73 507 185 604 379 786 458 238 518 350 533 837 995 837 809 274 280 159 761 685 385 412 51 935 452 431 219 20 813 766 392 324 779 959 911 419 217 222 134 257 755 414 530 645 486 616 890 959 275 5 577 596 500 658 251 910 567 750 811 723 175 591 750 131 143 833 633 573 582 847 553 970 130 822 255 698 763 935 859 920 821 627 489 499 89 29 861 772 659 754 895 863 150 775 478 8 400 449 312 598 369 10 300 236 179 767 783 21 641 986 396 878
70 731 388 601 94 264 933 444 170 646 830 587 566 537 275 444 216 404 118 645 696 389 38 721 583 474 741 885 62 435 200 326 793 922 116 776 922 726 350 46 943 938 783 19 176 245 531 142 105 915 237 779 448 893 187 841 307 462 15 140 717 775 219 818 982 978 366 298 224 135 909 351 198 913 213 806 339 987 247 681 322 237 239 639 775 278 529 24 544 64 393 406 69 181 430 794 343 573 198 753 312 636 892 72 825 899 372 867 508 688 615 108 734 580 368 332 923 450 700 304
755 173 183 60 939 28 182 876 743 92 283 581 980 854 740 680 895 304 548 770 798 334 40 328 948 72 418 655 443 634 234 628 959 690 823 590 999 535 961 279 453 400 63 652 84 440 812 798 486 114 929 340 808 103 664 548 469 338 55 260 772 110 324 761 292 505 160 631 342 679 878 37 646 94 603 720 324 380 68 407 348 8 770 907 514 485 838 318 196 580 543 873 663 68 497 761 44 208 368 265 828 654 393 702 862 903 32 353 600 758 324 431 710 201 894 798 654 128 870 304
161 484 403 375 224 31 733 292 915 305 866 820 57 597 747 748 298 715 239 661 331 127 906 859 209 542 876 251 557 114 909 287 274 268 402 896 701 991 24 624 863 775 974 338 735 847 698 946 279 299 958 812 890 435 44 747 866 201 717 180 33 304 384 715 21 580 587 388 674 525 220 294 945 461 603 448 411 47 16 156 844 783 274 412 967 764 830 908 389 147 460 419 438 807 180 724 468 939 619 234 176 353 204 169 901 124 674 503 714 36 255 815 202 743 984 900 587 13 105 504
861 504 450 773 521 296 588 607 892 353 711 257 633 889 105 981 651 528 197 284 659 705 998 468 764 936 761 225 672 163 753 287 300 494 909 224 696 496 5 613 50 811 818 75 952 690 272 611 844 911 523 232 589 993 562 795 1000 451 728 998 143 560 461 877 640 586 256 136 74 100 57 918 311 940 388 737 953 97 459 177 295 695 268 919 129 409 372 509 50 598 360 417 397 21 586 68 800 768 400 868 738 588 651 360 238 109 377 817 839 691 309 869 288 43 38 635 417 105 737 108
807 262 233 962 753 972 748 869 542 401 936 780 951 348 362 637 964 679 55 207 793 591 902 576 148 388 784 968 318 226 136 102 669 591 608 874 244 660 808 652 132 665 396 566 583 457 408 776 338 310 975 724 47 285 779 781 201 466 173 999 315 728 316 130 832 393 475 538 325 266 692 621 490 701 642 794 465 309 544 502 162 686 732 958 730 27 675 335 38 507 72 513 759 135 300 720 986 887 862 391 166 679 940 721 542 473 881 582 126 12 753 158 498 393 204 866 376 789 781 615
6 441 974 396 666 125 803 428 686 418 566 805 488 237 192 366 250 891 257 143 812 65 309 279 882 720 809 638 115 615 922 830 890 248 167 351 230 880 79 460 44 606 473 182 296 219 710 452 446 519 394 468 702 101 810 814 346 557 619 211 382 591 801 279 521 150 915 959 944 761 101 900 771 306 814 513 834 492 748 210 647 450 489 249 212 704 828 739 507 180 315 100 684 534 53 385 318 685 181 913 901 166 134 73 54 257 296 445 8 510 291 502 428 604 410 451 647 263 569 253
483 511 465 551 25 217 373 476 689 40 719 299 192 654 271 647 684 139 529 36 429 424 534 680 501 280 722 652 609 538 244 976 512 824 595 900 411 365 684 777 86 46 598 2 556 95 443 386 341 142 858 28 459 810 909 281 278 232 374 170 767 616 222 449 782 592 381 657 256 188 612 326 663 186 887 264 297 509 639 880 765 362 333 949 811 592 119 737 185 894 144 73 733 832 84 832 542 505 303 424 429 458 13 817 471 549 178 183 71 858 118 870 873 583 620 803 868 385 990 264
396 892 835 949 335 790 953 516 46 482 270 109 888 10 513 53 839 945 557 374 676 321 179 102 832 402 695 386 449 408 627 374 795 454 781 709 955 264 162 942 650 30 835 358 155 240 644 59 652 523 391 35 21 888 505 923 778 1000 294 70 466 513 907 291 809 322 469 222 172 866 869 968 27 117 993 435 877 300 507 865 383 515 243 605 957 858 247 407 760 701 50 587 473 463 425 600 462 321 979 433 379 690 620 1000 357 554 706 756 584 448 175 502 403 7 369 349 613 262 10 21
578 977 999 654 230 854 749 189 510 452 208 179 760 779 383 397 552 278 577 916 651 794 672 785 66 380 994 926 865 96 541 822 420 69 383 768 155 499 294 160 300 47 540 607 305 19 578 112 583 398 356 791 216 252 364 837 424 416 195 834 526 782 693 955 683 753 430 711 394 134 183 538 48 274 649 688 680 237 95 317 36 315 953 527 404 845 402 47 915 409 910 550 134 23 243 524 817 27 475 768 433 49 501 227 491 995 269 288 832 254 553 831 11 760 592 893 69 232 868 563
685 63 707 818 738 962 436 44 196 792 992 350 975 802 187 660 440 341 256 37 366 106 496 318 199 102 779 16 373 812 321 732 561 421 392 300 823 537 890 646 797 659 112 906 904 216 264 726 771 63 515 612 102 475 715 20 973 755 442 153 385 220 676 123 938 105 964 499 391 653 858 592 166 128 306 454 167 922 866 269 439 330 829 338 748 60 159 977 823 353 780 873 998 884 510 408 987 719 49 578 837 720 743 907 279 160 420 685 83 277 201 301 879 281 446 943 302 642 563 793
814 214 106 333 611 975 514 618 190 432 453 918 993 719 366 72 201 352 997 478 13 974 91 86 408 109 196 650 194 35 646 55 658 982 641 646 703 70 573 559 358 281 258 349 165 615 385 403 445 132 870 965 510 399 952 406 491 358 532 826 757 261 874 668 679 528 862 187 339 562 586 499 811 467 282 88 330 525 399 757 213 945 877 670 47 882 725 517 53 795 683 105 639 563 789 880 81 141 965 879 734 895 283 518 60 917 52 918 689 996 423 935 319 117 357 733 517 978 809 101
194 682 112 406 154 767 207 563 408 201 133 438 912 467 799 306 494 254 296 931 847 764 506 262 985 340 741 1 633 681 486 681 918 591 107 838 559 393 28 255 222 826 108 692 274 264 13 739 208 703 184 896 687 288 670 528 683 398 247 660 215 722 417 497 512 408 483 831 765 680 294 190 41 365 188 1 218 235 209 556 692 773 377 103 352 620 739 535 684 20 93 495 165 21 58 763 501 840 551 458 585 627 181 586 613 977 396 679 329 821 963 926 758 629 980 235 237 808 442 84
366 379 695 154 222 393 791 478 645 88 181 874 93 402 118 807 626 674 100 171 192 759 632 740 913 714 969 579 829 746 176 228 785 361 901 796 225 397 410 815 186 364 213 560 429 452 331 801 163 824 377 389 28 647 558 115 763 183 407 401 192 198 677 432 132 649 854 696 987 631 883 612 694 178 691 839 775 997 630 773 582 675 343 293 23 662 352 510 538 315 574 316 167 494 739 445 370 301 37 709 337 666 533 468 290 226 338 371 418 600 436 243 204 703 788 878 695 6 540 806
952 37 883 236 873 287 598 253 56 128 605 261 532 646 10 372 701 839 525 614 657 363 195 967 417 214 511 594 416 415 222 865 515 430 33 139 789 726 114 545 285 261 853 737 996 739 360 523 414 12 777 6 394 982 395 908 39 502 134 74 416 145 826 588 426 795 761 815 877 577 321 832 758 507 844 512 370 621 60 571 859 844 134 760 981 429 758 689 509 835 688 401 895 438 542 73 677 814 342 247 812 244 97 241 934 685 13 23 966 665 922 82 216 714 57 588 91 713 330 500
260 392 458 947 647 860 584 682 319 968 843 512 787 924 231 48 15 618 381 228 940 177 716 370 614 270 81 919 34 713 355 188 899 275 871 540 940 9 726 949 508 837 62 751 319 72 445 291 112 509 895 293 735 567 517 818 82 19 511 406 352 83 827 67 145 964 607 265 771 386 222 755 368 3 44 517 933 361 994 390 830 756 808 502 255 240 818 880 862 608 64 977 988 126 767 326 944 638 165 500 454 345 909 688 193 111 659 414 838 151 44 284 16 163 35 324 228 238 231 515
234 382 228 561 645 285 400 568 942 397 832 24 467 837 769 274 418 214 636 794 66 398 774 444 246 37 861 537 167 615 448 372 169 13 901 610 126 934 757 217 868 208 314 643 815 262 289 788 982 201 612 820 155 242 664 718 84 699 166 690 583 746 964 926 49 383 669 743 464 889 316 913 596 293 736 331 535 53 790 628 67 423 999 561 273 864 55 293 848 253 843 340 107 880 975 337 964 547 841 827 116 372 901 899 162 586 161 368 334 459 773 805 782 246 869 277 111 672 76 434
762 521 74 671 598 191 950 221 935 272 999 450 823 853 992 44 810 97 865 335 788 272 515 811 934 494 331 253 558 311 212 778 859 269 636 514 353 209 149 342 164 715 900 746 72 92 292 32 558 392 227 195 652 861 952 116 419 340 910 416 439 122 995 249 985 661 460 709 979 716 350 683 642 511 829 392 747 396 122 883 335 212 989 12 173 155 865 421 664 768 542 994 280 112 57 628 860 668 687 436 708 415 537 6 547 435 596 393 318 888 180 668 863 374 759 773 865 866 385 361
325 965 396 975 725 106 670 98 719 544 964 296 573 693 815 513 506 337 960 781 778 822 150 995 781 859 361 948 575 959 681 274 953 711 189 929 360 862 231 285 119 526 48 582 135 832 229 862 101 487 642 327 368 258 23 521 88 433 797 537 131 168 908 588 951 75 774 577 491 774 1 851 926 380 933 768 656 661 164 566 631 666 912 781 312 887 63 100 260 898 150 960 351 572 230 260 901 62 559 457 389 221 465 361 949 851 202 867 409 749 419 190 14 240 345 106 734 165 773 893
248 607 709 148 807 694 916 357 178 955 269 438 226 662 969 872 476 739 988 693 333 498 573 570 988 318 178 558 520 15 368 391 393 958 651 858 221 581 983 871 434 762 647 373 476 877 703 758 721 892 890 308 808 595 189 416 247 804 836 367 359 580 508 493 369 910 623 676 913 240 140 787 419 545 885 98 564 339 678 475 327 646 291 353 601 316 391 659 213 346 368 932 391 340 353 923 92 749 378 15 524 984 734 514 615 370 879 320 799 62 592 700 185 801 573 747 468 166 730 610
26 531 826 860 437 291 875 194 748 513 578 863 510 680 821 849 365 930 701 888 165 242 564 808 468 1 950 745 222 579 749 795 903 96 678 956 700 292 432 841 446 736 498 346 569 428 877 502 65 799 937 482 270 420 555 615 990 385 58 860 45 529 735 278 721 889 80 966 116 588 756 315 735 495 858 716 15 121 999 398 108 742 111 518 288 929 222 632 455 3 530 216 759 711 695 485 434 869 434 823 216 949 814 310 657 349 330 983 379 132 325 95 916 845 133 93 63 992 630 899
896 848 574 583 110 804 257 564 397 801 567 692 452 361 366 143 76 635 608 172 972 593 549 658 959 621 137 505 272 476 117 534 763 327 137 39 791 203 115 377 492 381 782 48 415 567 492 111 154 778 713 855 889 698 914 126 363 60 547 993 338 129 430 179 265 932 157 119 194 894 402 350 334 405 719 231 264 137 526 455 183 727 297 937 66 204 774 791 304 762 708 565 403 633 307 770 749 257 948 863 386 829 273 672 419 929 86 934 465 169 84 241 418 124 326 644 540 501 439 925
717 842 619 86 30 538 719 786 135 95 324 603 259 327 131 423 214 714 41 324 810 14 254 984 397 154 644 220 823 641 27 66 812 214 413 234 850 411 634 128 574 752 202 249 321 943 778 410 888 257 41 94 562 175 810 761 1000 436 745 448 489 495 313 320 961 82 799 857 366 842 141 171 342 909 859 178 166 268 883 730 942 369 533 673 606 439 830 548 580 423 902 288 953 822 236 147 884 427 15 405 983 82 419 977 133 727 591 417 388 300 148 848 647 206 552 936 193 418 524 751
907 823 379 70 569 380 92 994 934 16 334 83 36 276 28 473 261 972 953 5 196 325 967 463 77 147 482 200 387 231 475 223 556 799 216 753 436 646 433 719 800 605 765 65 348 102 582 452 976 384 463 495 918 593 509 678 360 871 424 359 86 756 271 443 33 908 468 528 613 764 912 488 175 664 716 271 661 146 856 976 810 31 901 573 520 206 534 621 111 758 874 214 932 749 888 22 409 431 705 12 568 617 88 426 692 736 340 880 751 528 259 975 759 732 114 481 577 391 686 719
522 703 936 391 763 680 990 88 895 871 309 990 464 473 466 534 604 47 872 823 301 606 990 425 235 236 333 112 258 806 777 336 963 388 251 76 491 985 238 304 266 87 374 720 810 298 81 873 153 956 374 941 395 317 510 347 359 62 425 105 605 671 525 638 554 343 202 383 632 140 539 933 860 171 485 268 630 934 743 73 969 28 674 112 311 805 222 198 677 913 150 789 850 932 180 375 760 367 583 640 183 844 167 707 479 970 373 382 100 301 365 119 79 824 418 618 422 254 98 434
4 631 173 865 312 869 335 451 406 283 108 546 752 6 526 122 61 615 770 339 476 943 812 841 985 565 470 508 263 336 957 495 805 848 607 571 77 790 831 321 121 5 89 762 50 500 419 665 243 334 907 580 912 162 696 460 590 130 610 231 284 105 34 564 225 834 482 156 452 543 462 820 901 997 737 70 121 809 466 968 467 274 380 395 870 921 580 152 816 489 263 252 476 510 553 939 549 403 920 932 93 301 89 478 346 773 598 816 833 624 545 688 252 360 725 172 636 484 411 744
925 834 877 58 939 124 559 918 610 307 307 919 86 330 602 103 393 856 786 105 779 744 613 409 811 697 470 514 877 510 371 726 955 902 685 381 800 565 65 363 864 939 660 806 166 927 505 45 254 997 282 983 277 494 263 727 304 891 349 168 758 51 909 77 771 425 898 549 400 475 925 784 886 417 320 167 154 629 929 43 689 938 709 490 876 478 47 738 803 767 403 117 353 125 364 840 167 705 860 361 588 641 55 631 491 950 801 851 675 485 871 470 613 726 180 185 275 111 219 804
929 953 93 283 797 882 297 347 636 639 447 177 395 939 376 762 36 846 836 89 803 487 125 267 759 937 195 14 330 772 579 865 569 712 393 323 323 477 777 845 522 599 19 655 921 941 259 145 319 210 441 126 325 609 314 989 632 160 711 309 922 475 267 214 86 450 532 504 484 963 837 820 965 534 504 692 356 750 705 976 94 212 61 843 953 926 238 482 363 548 889 275 534 941 136 30 554 322 917 95 587 307 657 388 781 561 152 578 309 51 896 169 426 940 915 323 619 902 885 321
155 42 120 397 725 687 1 924 674 701 772 814 57 664 156 981 443 593 133 525 215 1000 319 111 629 506 57 902 671 813 640 866 146 45 738 485 654 205 618 58 718 55 337 275 178 105 350 328 383 40 814 747 144 875 125 213 262 390 454 230 412 461 722 497 888 142 588 505 713 910 836 396 902 246 780 455 225 267 395 864 750 251 989 340 259 287 565 806 283 101 86 761 940 516 716 241 644 156 250 995 277 102 555 695 691 749 121 674 484 707 593 229 212 249 457 252 347 158 997 776
900 136 445 941 334 753 52 22 696 2 45 499 680 491 724 850 933 952 594 438 935 619 203 324 967 482 223 880 604 37 344 14 259 421 377 654 909 813 444 121 914 957 432 422 971 717 194 348 950 20 467 776 504 129 374 536 927 78 620 640 916 26 631 545 321 669 921 867 343 284 222 39 738 854 888 794 494 553 435 302 257 248 246 334 614 115 248 951 747 756 795 358 835 684 95 117 42 986 520 655 699 415 379 196 518 226 538 104 114 422 325 839 248 190 134 945 949 447 953 43
219 647 450 777 642 824 818 661 243 465 765 887 124 128 673 215 608 906 997 813 993 750 187 305 934 456 111 929 922 15 73 746 757 800 165 214 847 741 87 141 452 210 540 253 633 511 571 836 908 393 927 743 754 856 371 395 102 446 900 386 37 873 923 812 877 289 321 820 639 728 927 853 517 579 782 231 295 860 601 695 159 299 964 190 73 348 659 848 157 794 415 928 448 293 482 34 274 890 200 846 873 546 902 710 894 649 658 186 774 635 8 113 839 425 970 160 897 827 763 493
490 819 606 477 386 780 907 881 742 452 44 811 68 301 492 681 937 462 505 453 478 922 367 561 349 992 119 601 196 399 657 554 76 318 793 290 129 586 931 493 112 934 677 888 601 232 380 138 92 746 620 149 639 11 448 81 499 51 316 958 200 866 402 771 176 273 850 594 161 823 987 508 153 374 998 699 320 79 207 182 21 751 91 947 177 343 90 948 126 231 406 195 317 143 998 3 666 69 136 521 852 367 945 142 305 361 904 53 448 422 537 261 309 975 723 518 842 631 551 160
305 157 599 110 780 416 552 407 789 899 603 393 58 350 24 197 341 741 451 136 608 572 431 351 276 591 182 781 681 717 526 399 435 65 80 12 247 141 235 481 29 601 738 255 77 287 398 772 465 697 432 762 408 232 398 229 624 561 220 606 983 330 344 548 915 231 15 300 265 733 37 93 890 629 285 164 248 858 892 700 772 299 816 693 90 296 877 658 742 611 103 441 550 508 643 100 951 325 394 301 32 714 733 154 627 662 939 855 379 134 349 127 720 314 581 790 827 776 82 986
907 166 661 241 961 365 576 41 170 162 409 253 153 793 151 249 234 539 516 604 292 567 920 80 136 812 165 53 76 988 341 71 217 205 989 643 920 640 184 510 425 102 340 431 111 845 584 457 260 593 632 838 740 503 733 841 462 49 807 559 103 778 347 623 772 324 25 235 136 958 972 743 300 541 365 250 939 703 953 354 58 699 793 708 139 223 176 326 933 287 166 700 855 600 692 575 476 108 383 416 327 758 114 130 382 517 695 275 386 413 563 733 4 900 899 554 284 9 897 2
846 184 633 944 791 935 556 375 366 1 208 885 901 344 377 797 192 458 969 458 50 330 732 614 888 388 696 839 317 605 607 188 871 493 109 329 679 591 494 332 720 274 829 908 289 455 988 353 882 265 45 281 788 409 713 763 831 436 436 351 9 197 234 131 671 527 20 767 377 796 145 415 478 921 555 703 464 1 338 421 156 729 206 755 409 604 448 757 749 14 994 301 602 509 140 51 861 538 416 214 713 182 21 102 538 738 964 345 992 841 583 237 89 771 286 503 943 803 868 263
714 135 443 381 509 345 107 595 153 712 578 606 722 888 295 779 604 813 90 406 617 852 109 590 933 99 585 398 888 12 586 286 586 683 352 828 619 971 67 456 939 775 67 753 958 490 184 391 260 779 610 389 620 973 151 508 896 908 162 60 228 683 824 223 169 690 928 454 588 993 572 813 999 297 285 317 547 900 1000 909 154 156 550 73 517 560 47 960 866 503 518 356 959 421 455 100 11 261 208 198 543 201 993 144 568 654 632 669 46 358 406 220 564 223 804 594 232 507 912 48
908 358 488 236 851 973 441 588 958 131 981 986 168 302 427 188 507 803 918 121 863 58 566 233 89 917 417 41 70 39 806 602 170 613 160 525 848 451 290 320 451 361 860 580 144 111 180 145 224 91 448 277 446 778 442 814 707 548 130 194 904 157 686 354 860 622 513 454 286 726 460 814 895 545 836 773 439 144 789 310 636 430 484 255 234 840 992 525 356 397 632 567 529 481 615 523 647 225 437 905 615 946 266 960 235 857 310 597 499 99 187 26 318 200 457 350 793 663 958 269
907 776 573 741 675 733 925 748 223 64 790 559 814 489 532 943 224 385 466 910 613 722 883 720 881 402 522 200 951 696 727 543 535 939 820 875 611 745 880 676 990 265 137 213 241 836 454 776 265 448 155 22 306 628 647 597 766 61 1 12 507 754 127 624 495 532 676 662 499 322 81 551 368 305 212 904 747 405 877 235 93 660 635 598 200 602 849 34 709 217 144 4 710 678 915 698 713 62 716 981 609 997 5 863 206 14 583 269 471 748 776 975 640 964 480 417 161 855 706 323
155 32 810 496 991 344 961 228 156 474 47 525 788 711 823 526 444 546 984 959 271 357 467 681 892 806 498 725 492 758 205 19 686 128 589 198 60 391 665 940 583 794 903 935 852 864 970 129 482 356 573 320 53 802 900 128 657 982 222 19 355 169 389 986 362 950 235 555 653 345 341 198 936 891 925 577 416 585 367 91 84 228 994 679 635 422 431 64 96 988 556 56 148 35 661 26 601 769 160 534 296 464 977 556 293 842 308 239 250 919 185 539 598 101 849 930 140 554 801 429
212 282 19 314 906 915 567 639 599 29 758 342 278 53 325 592 473 832 708 193 105 738 800 852 862 510 180 72 410 71 130 879 440 74 312 799 690 6 121 318 915 237 7 309 850 499 746 445 254 566 783 220 255 352 38 960 996 80 603 426 899 509 664 85 667 291 958 542 976 704 164 967 703 823 627 423 37 98 288 568 432 840 762 848 225 507 758 783 701 57 384 872 109 211 533 619 245 906 613 364 633 918 401 469 611 992 855 723 512 152 989 661 82 992 559 423 935 751 530 675
773 33 111 998 800 918 716 782 275 961 210 517 16 66 890 572 187 918 490 123 514 816 355 755 982 781 826 174 502 418 506 211 15 871 676 171 72 39 849 450 770 787 528 495 222 343 193 277 305 275 110 14 861 462 575 26 918 938 401 242 745 576 398 432 650 175 390 884 448 486 969 796 2 236 386 124 328 10 405 667 234 293 866 317 816 401 124 413 830 568 565 311 358 396 25 961 82 479 930 111 611 305 961 828 610 430 364 481 565 304 382 884 469 627 749 776 582 121 697 192
255 488 183 721 607 172 716 838 912 881 205 124 858 487 420 656 601 555 54 237 371 757 269 810 5 995 863 389 74 406 128 796 531 527 57 945 708 909 747 875 296 347 5 169 425 751 512 898 672 275 369 97 880 913 583 105 488 723 617 973 368 652 590 930 424 665 277 96 89 127 298 566 594 479 225 421 34 663 306 900 376 753 911 440 975 28 156 257 421 511 715 154 487 380 761 300 793 363 976 501 916 240 743 97 293 829 31 797 189 904 626 302 101 113 357 766 527 33 940 313
562 508 824 516 525 667 549 409 248 794 921 127 799 732 712 974 730 996 18 913 898 899 805 69 774 819 264 683 95 99 468 760 299 333 470 893 220 897 359 577 259 465 206 554 204 770 549 627 277 413 386 435 671 627 120 261 298 252 210 193 15 816 816 282 337 213 486 205 867 176 103 371 321 440 604 393 902 120 357 324 364 796 76 114 941 460 89 11 694 690 515 272 355 636 673 57 157 89 693 566 913 164 924 659 893 19 976 349 220 584 591 633 653 331 168 661 92 794 986 811
411 736 417 751 665 508 674 155 105 967 924 928 694 859 13 682 350 218 131 347 673 573 553 680 87 55 284 806 24 567 570 249 278 203 43 405 192 47 105 842 342 450 34 542 222 332 578 859 491 783 90 378 363 489 8 628 774 474 191 923 897 18 770 262 210 153 871 714 156 141 126 408 48 954 363 577 758 584 824 587 12 619 645 855 69 533 578 865 219 523 997 851 325 627 970 925 138 616 237 194 668 611 70 163 390 60 548 327 476 899 17 22 838 937 352 323 346 307 155 593
737 29 671 529 869 255 287 357 540 979 571 341 432 12 450 189 734 982 40 206 934 762 159 477 317 26 875 926 92 915 906 510 698 107 937 99 825 890 951 882 776 155 994 300 171 171 183 511 724 424 966 455 45 676 694 938 803 128 574 2 351 976 233 573 287 806 64 259 720 167 901 72 213 434 340 39 417 695 173 650 982 400 282 12 727 348 582 874 513 33 453 473 402 446 961 294 282 852 830 699 361 975 178 53 905 163 268 553 466 813 416 200 725 722 450 759 182 770 816 282
151 639 315 771 539 134 381 398 376 383 338 12 273 264 335 409 285 352 533 994 345 99 871 999 225 463 569 669 179 272 89 335 766 648 210 512 196 46 264 500 787 356 595 946 614 356 641 380 904 331 221 576 628 190 712 791 789 49 94 998 270 231 358 477 884 477 369 590 494 946 271 772 128 389 170 920 576 542 312 256 195 370 666 397 628 359 804 396 420 513 684 595 86 602 170 927 358 348 673 148 92 457 688 830 128 914 466 727 808 96 660 461 836 436 961 555 446 844 624 532
913 147 538 719 610 900 274 590 255 162 710 770 634 608 115 775 449 649 435 445 924 31 764 783 278 540 308 883 250 186 145 335 857 132 40 371 660 196 527 29 846 786 90 531 359 807 73 845 184 358 902 959 438 439 137 403 793 656 560 131 878 740 878 809 948 541 451 46 147 930 341 965 262 56 854 547 7 876 991 690 198 859 994 572 583 299 566 177 363 973 149 831 104 543 356 735 808 617 558 354 685 941 321 748 271 70 518 278 793 790 651 231 880 488 831 824 360 812 881 380
668 420 603 323 91 591 336 655 5 749 737 768 881 507 443 770 286 853 198 811 188 516 815 399 264 226 147 528 483 147 267 838 691 209 959 607 605 495 973 789 852 827 323 525 74 673 921 185 215 280 980 623 950 919 64 151 755 215 369 322 693 276 145 157 506 295 320 778 326 589 68 347 218 22 750 268 46 233 303 551 845 397 993 253 433 474 386 602 515 495 640 639 590 866 711 854 693 32 375 114 342 132 386 174 475 390 434 859 335 561 383 905 687 319 299 592 207 443 26 378
740 85 628 381 658 794 566 733 3 379 121 13 918 299 578 398 151 420 385 893 436 316 459 342 196 165 941 883 958 656 887 624 357 748 114 466 522 106 406 808 9 59 90 102 93 436 225 850 921 843 633 480 193 847 771 179 238 514 391 823 661 292 526 322 250 523 1000 869 420 926 377 250 145 454 905 960 22 220 885 691 656 639 376 696 747 448 742 428 543 293 171 853 275 820 147 950 466 251 373 495 71 644 876 899 277 697 584 520 18 180 362 145 766 997 530 881 730 918 981 917
431 888 374 811 13 624 261 698 139 70 284 69 538 391 64 999 420 943 506 950 88 937 189 116 91 578 74 531 430 956 164 41 541 553 406 746 20 132 327 551 831 260 80 291 757 334 839 133 245 547 547 327 688 120 360 646 258 949 997 317 526 364 521 915 718 344 243 160 296 912 800 9 961 624 968 642 912 357 55 980 547 626 84 841 818 736 90 499 268 263 615 792 571 802 969 189 803 742 221 640 409 574 358 268 778 714 643 910 164 682 739 522 435 966 567 526 138 184 757 285
255 255 573 51 544 298 101 523 28 221 285 714 617 549 559 585 159 780 591 191 575 648 5 721 116 498 52 149 250 557 435 563 797 256 892 863 93 3 427 207 248 684 436 942 278 689 308 962 526 92 452 194 578 234 159 61 426 448 17 930 404 971 284 845 204 716 31 975 743 375 980 166 486 107 447 929 702 914 974 401 509 86 324 96 253 695 392 537 602 991 783 369 375 845 779 652 192 141 940 375 766 534 943 812 907 414 19 943 121 437 116 126 417 671 106 716 838 283 50 488
177 459 314 487 493 476 899 576 539 639 661 367 92 217 559 109 59 893 970 928 671 810 813 762 644 108 654 389 343 707 399 471 628 377 34 630 882 343 926 214 743 73 603 173 669 760 986 771 518 690 189 193 934 707 184 58 589 965 821 627 674 525 558 572 333 653 668 528 536 329 685 441 494 928 804 868 658 115 991 653 737 433 342 372 859 630 496 390 136 592 262 218 150 931 424 316 110 163 199 776 805 999 145 656 736 879 17 246 321 862 854 354 941 145 583 69 478 313 134 851
435 343 951 171 716 195 120 497 652 52 392 1000 296 925 15 763 82 577 271 931 205 771 519 670 156 559 695 223 779 440 574 54 605 62 180 151 52 199 185 70 671 926 476 182 825 932 727 609 867 370 263 928 223 191 628 869 720 491 930 664 689 873 320 13 825 104 759 383 549 31 259 90 8 498 723 542 103 111 988 835 630 766 327 760 209 303 146 117 174 571 641 885 65 476 927 431 133 860 8 330 995 21 174 345 743 894 214 608 98 341 355 264 963 248 58 494 913 926 963 946
676 55 551 287 413 690 792 95 257 457 692 77 165 688 651 674 240 392 840 613 708 145 910 416 405 355 760 78 910 978 740 612 128 538 300 341 870 935 956 14 648 12 883 940 175 502 741 964 931 626 633 19 593 942 483 739 533 132 778 683 857 626 952 785 534 134 752 617 566 336 902 649 884 232 751 935 377 923 543 180 279 9 636 991 407 328 995 948 883 477 522 48 254 602 128 67 827 991 371 439 845 448 751 648 512 943 686 717 73 714 118 821 431 793 745 86 172 679 110 199
7 793 346 767 295 184 168 122 523 698 820 323 533 955 304 761 617 468 500 935 658 637 902 592 352 479 632 592 169 990 346 967 554 539 982 5 414 904 104 224 927 141 300 12 275 489 664 897 20 641 438 620 813 645 874 420 456 468 673 407 130 856 825 991 636 55 168 19 860 569 478 993 376 216 286 533 996 917 971 384 765 340 505 60 552 980 366 436 299 520 78 494 974 545 450 974 886 421 120 220 412 735 251 238 361 84 772 985 88 909 979 742 26 667 214 462 26 834 249 60
522 429 462 833 422 116 572 8 100 252 91 101 481 121 854 821 282 284 358 776 525 794 850 659 313 234 27 579 983 218 833 412 51 634 358 95 565 547 841 623 114 612 86 50 162 406 414 718 802 3 284 118 849 551 210 367 447 127 161 455 266 272 883 900 660 431 945 322 734 927 1000 441 148 191 87 107 521 249 33 572 570 80 833 576 536 96 832 985 613 614 188 7 491 857 885 502 604 262 167 109 882 214 351 71 222 903 540 21 521 290 519 520 702 471 141 645 433 284 572 433
116 189 322 755 985 129 80 961 829 226 610 697 895 840 347 534 85 16 257 978 278 504 50 960 966 212 439 445 337 391 242 607 788 46 156 55 981 623 194 739 76 206 1000 155 673 39 651 302 752 596 676 698 145 436 875 142 861 773 499 301 516 545 135 309 743 480 493 529 551 147 694 572 62 545 457 250 940 154 976 803 529 85 114 554 950 565 166 733 104 911 428 786 538 590 111 399 269 686 939 979 1000 582 752 574 66 757 18 298 560 246 332 417 950 429 886 284 855 126 743 276
145 208 864 280 48 660 221 730 504 509 834 318 428 48 645 449 870 4 896 64 463 400 342 653 713 46 964 83 316 458 912 382 449 276 614 383 395 835 357 184 732 171 268 67 982 335 475 693 903 204 94 94 305 984 867 396 825 281 999 879 724 312 782 473 705 65 867 983 888 520 442 454 244 958 353 458 549 724 1000 905 574 14 616 181 534 287 448 128 709 498 780 405 788 219 903 97 520 393 271 428 17 261 886 566 729 316 734 984 42 490 313 165 679 677 220 974 460 540 443 374
318 230 560 217 168 952 326 786 484 277 57 348 878 264 618 929 818 619 445 471 400 954 176 617 449 402 791 378 300 385 549 512 744 918 993 819 97 114 899 458 381 841 415 522 954 278 549 194 91 284 3 779 595 293 689 148 390 480 53 79 876 224 463 612 257 629 944 287 648 544 199 198 756 773 905 293 93 579 952 755 905 567 13 283 872 950 152 233 962 831 641 83 343 637 25 889 350 451 444 143 617 13 252 282 983 896 667 143 69 657 489 465 436 920 769 199 676 199 807 91
225 261 506 103 73 11 278 737 340 338 33 481 808 219 800 788 93 752 998 670 666 27 127 752 827 163 41 323 260 358 179 827 387 815 478 170 836 596 187 832 273 186 655 224 128 507 963 335 575 158 292 376 874 916 121 476 566 427 723 835 875 230 728 482 622 339 808 51 123 541 22 842 19 497 848 57 527 330 490 35 875 4 924 198 139 556 544 190 412 224 690 527 262 584 833 900 498 823 419 568 688 258 312 743 510 512 286 862 297 703 878 939 872 610 741 159 818 167 334 282
201 170 791 157 634 541 554 898 91 602 604 647 344 644 855 517 213 940 169 919 637 994 785 7 94 840 247 758 139 497 655 535 130 901 873 40 761 856 619 206 176 958 435 964 33 626 529 508 121 213 72 507 238 723 317 375 316 143 501 986 372 68 349 497 443 113 623 321 207 549 4 387 75 538 253 331 985 244 816 915 502 281 191 669 169 757 945 873 481 317 402 813 466 629 317 601 306 209 323 149 29 488 362 596 788 118 375 153 738 587 856 239 837 153 495 656 71 724 994 856
607 963 811 669 855 346 194 223 321 533 958 367 358 168 515 527 828 985 273 791 860 867 140 197 850 369 294 70 711 435 402 441 966 758 31 863 953 1000 601 183 699 134 692 588 191 958 912 321 891 266 328 130 440 672 846 445 911 369 559 530 712 413 853 838 998 377 253 883 368 295 267 136 115 63 505 794 802 232 70 45 564 422 879 5 7 909 517 918 153 345 898 378 912 435 28 708 102 375 896 441 742 811 359 355 60 442 727 332 257 590 649 604 772 682 207 303 637 198 776 621
506 494 18 448 124 423 31 504 70 625 96 494 585 740 40 904 219 339 727 732 966 189 524 959 730 130 434 223 734 901 475 666 368 964 521 595 505 388 178 362 18 251 646 948 112 77 408 987 598 256 605 747 642 755 807 566 244 432 582 110 534 636 140 722 199 96 329 698 984 748 907 213 242 680 287 616 477 936 547 493 380 68 498 577 297 358 539 322 796 818 767 969 328 23 985 759 327 23 168 840 884 420 910 55 430 62 169 963 417 155 392 815 809 45 811 275 29 616 972 263
838 757 171 849 389 37 948 256 63 463 258 327 699 36 418 431 156 277 99 299 299 148 506 195 545 612 175 785 253 521 977 386 824 595 108 879 381 109 134 900 545 274 158 428 294 210 572 171 554 907 747 491 739 926 158 444 450 754 46 132 645 565 925 511 799 93 509 216 844 629 368 207 932 663 553 484 987 861 212 411 227 557 428 777 674 5 448 26 156 110 522 680 124 698 364 142 934 432 844 426 26 587 307 974 33 922 436 583 978 18 781 803 125 123 744 804 543 46 88 558
599 159 562 459 813 25 505 949 575 835 40 812 442 606 269 519 276 476 918 146 508 566 113 261 13 999 919 580 516 990 230 151 606 92 673 543 804 646 353 966 838 364 779 41 854 722 520 865 317 684 792 205 939 57 146 405 343 519 155 301 273 179 755 260 781 922 229 285 655 688 120 201 205 682 812 37 838 702 954 782 862 179 282 283 774 666 407 49 568 116 442 64 852 32 362 348 879 903 198 199 922 668 173 213 773 254 270 270 743 993 554 863 488 181 156 696 500 868 517 543
966 774 409 56 624 749 64 2 156 496 883 112 913 337 680 271 854 493 928 477 771 812 342 335 768 756 192 382 779 26 911 388 510 593 613 856 33 992 657 284 810 936 175 145 707 774 890 819 9 357 744 293 19 516 64 682 688 795 489 539 437 765 226 878 816 905 907 886 503 664 226 183 482 85 332 862 542 835 652 706 255 559 654 595 509 61 420 73 616 491 174 701 707 830 696 313 939 12 174 165 688 61 861 975 578 20 546 7 225 988 493 974 575 754 796 586 242 689 659 130
103 446 432 339 378 404 153 898 948 667 368 530 133 977 139 509 395 103 848 812 789 18 220 684 50 319 688 874 681 947 476 637 893 713 322 806 984 203 738 116 437 347 968 586 874 700 592 474 572 656 84 728 649 611 262 689 560 309 251 27 34 273 289 793 305 521 784 97 356 785 282 913 230 445 638 986 780 246 761 898 18 657 826 480 2 91 17 803 133 177 433 248 406 752 884 225 165 927 96 427 996 473 610 407 943 540 732 77 941 124 233 689 459 480 715 781 426 882 703 878
793 968 892 208 232 174 771 115 165 275 215 847 836 709 891 442 812 194 561 465 85 220 425 778 647 819 786 535 778 177 579 6 383 971 631 334 161 434 894 819 409 218 247 444 908 474 411 916 794 322 307 313 626 557 192 440 205 171 921 981 584 682 695 839 474 999 722 531 801 94 357 503 408 761 670 388 68 750 802 421 140 822 61 558 614 642 267 511 662 375 453 950 460 367 22 615 952 911 101 827 429 318 336 755 490 85 410 824 139 830 23 416 517 721 547 716 186 689 348 257
551 619 906 986 345 332 874 954 876 411 626 32 146 899 953 969 105 342 1000 891 311 387 606 270 62 481 367 386 551 93 532 560 445 486 145 307 782 275 798 361 405 925 459 57 432 441 798 422 742 267 904 904 635 296 383 666 433 742 480 136 837 889 654 796 525 651 168 116 328 535 780 227 676 973 552 850 957 708 46 814 77 763 760 6 815 92 939 132 287 57 592 434 536 340 59 468 157 340 74 113 933 473 91 607 737 491 933 957 530 656 483 382 393 813 852 691 489 326 367 810
957 234 316 258 585 263 565 397 620 337 871 638 404 913 910 387 856 115 154 633 445 125 540 571 103 474 230 832 290 932 706 22 61 330 619 788 692 245 871 617 271 807 200 647 930 120 455 205 990 223 620 138 478 144 322 391 904 755 755 738 441 233 797 372 310 437 691 530 345 569 121 83 370 219 292 687 598 66 685 514 302 338 351 325 433 330 673 632 308 617 565 472 698 390 101 748 296 780 974 815 599 731 126 78 104 778 270 964 928 340 888 665 47 146 985 534 495 207 966 479
995 629 418 323 72 311 89 947 629 793 330 485 369 537 555 386 625 664 926 751 215 665 523 755 282 444 240 954 437 423 543 107 225 131 404 64 373 76 974 67 259 368 43 407 780 288 577 868 841 397 661 870 981 742 509 259 395 671 541 958 8 279 261 650 264 772 590 593 733 91 659 819 75 70 440 142 840 844 31 180 355 875 561 380 87 680 38 755 649 722 983 145 589 909 510 923 883 175 105 108 811 593 668 637 169 495 844 679 90 729 93 483 61 632 824 220 227 200 962 277
169 165 337 210 688 923 68 507 243 31 348 568 448 927 6 550 404 442 304 225 430 279 620 122 566 349 222 863 295 272 181 71 702 866 383 468 473 961 63 914 570 239 281 743 180 183 219 226 416 314 981 945 460 617 690 533 162 798 493 480 778 631 665 663 286 985 259 608 857 335 136 136 711 507 533 206 233 469 325 291 123 307 640 853 814 937 841 562 167 553 217 791 145 499 115 828 31 215 875 317 989 808 34 392 178 3 795 345 231 399 536 560 44 784 251 257 808 926 357 521
