127 129
748 16 508 436 202 428 953 86 246 775 976 190 139 669 873 892 728 152 664 526 385 701 979 141 836 741 302 68 438 805 31 507 293 927 638 679 739 219 352 632 179 575 370 535 430 527 663 469 566 606 951 507 177 533 350 70 74 614 848 609 386 855 913 775 907 762 24 734 334 446 11 578 704 526 625 446 335 728 129 344 992 11 646 921 24 875 218 941 159 761 696 26 158 233 662 757 199 252 857 674 850 671 639 579 111 893 653 359 894 74 107 454 649 138 978 727 205 370 710 284 54 660 63 568 407 497 708 243 738
802 610 12 810 287 561 501 355 923 597 861 296 288 804 379 728 888 922 727 79 280 232 76 948 501 40 186 555 347 522 502 264 493 649 466 977 866 528 548 302 44 944 573 993 763 381 748 960 28 780 722 987 308 17 730 622 780 788 698 566 104 580 892 111 75 511 636 965 610 112 570 545 271 766 983 628 405 753 375 790 380 444 828 809 284 221 563 460 452 529 387 931 543 745 575 269 33 956 599 643 552 783 83 866 450 91 600 253 619 131 260 572 179 682 546 231 856 511 527 897 794 775 222 439 738 217 270 447 264
218 865 515 730 492 620 283 969 151 989 735 581 634 249 936 944 306 117 321 456 688 999 357 611 471 776 34 260 611 981 645 373 244 404 795 989 3 449 473 70 940 587 188 113 718 687 41 714 308 504 571 359 823 313 564 121 513 857 510 193 317 312 349 764 904 945 207 447 915 522 347 339 6 171 441 683 530 890 555 185 784 205 417 638 703 122 329 636 602 803 548 924 785 441 94 360 59 114 667 556 342 349 464 98 307 705 180 510 768 126 199 968 440 337 807 406 532 345 298 413 536 236 9 3 653 125 141 697 335
679 468 921 115 654 296 985 217 174 944 996 911 592 364 622 793 213 842 461 458 292 779 401 694 913 742 206 341 918 367 725 99 166 6 955 82 490 201 878 509 61 938 842 657 704 172 375 423 875 618 521 167 586 672 250 667 17 839 182 993 292 98 550 515 295 954 196 407 672 367 750 551 859 183 134 34 829 44 691 742 95 145 677 745 811 453 715 683 723 509 250 74 302 488 200 946 110 643 343 100 90 970 270 377 885 2 135 210 760 982 864 965 405 301 649 262 57 546 526 991 620 146 473 653 789 289 936 936 806
852 639 931 513 893 429 238 60 307 273 26 725 852 546 368 545 933 744 311 424 791 726 56 582 805 801 686 351 236 896 627 566 557 647 101 354 370 92 317 681 195 924 463 835 76 850 739 650 631 622 417 619 113 539 507 766 936 282 341 696 28 183 893 203 600 905 270 925 638 55 922 342 529 898 459 568 132 313 237 712 356 144 559 444 484 846 312 100 665 171 774 790 942 473 319 467 495 831 600 844 469 443 471 911 847 550 466 226 451 25 527 158 848 499 541 709 616 873 72 660 881 659 463 948 812 919 665 482 993
352 812 880 710 185 398 490 931 441 782 765 906 765 534 611 861 573 397 786 481 517 315 372 826 179 787 945 613 829 511 35 900 629 317 506 934 89 548 792 674 889 981 969 550 460 731 468 776 128 502 376 922 242 866 384 381 625 391 50 757 807 217 229 966 786 390 396 265 531 423 258 371 643 760 288 990 111 122 69 66 485 396 286 333 372 721 107 486 973 594 756 917 973 486 379 50 147 458 667 585 136 289 89 96 449 226 483 60 567 77 363 950 194 997 776 346 890 937 200 183 904 664 410 654 389 212 471 881 294
389 741 805 76 822 95 72 972 327 149 221 371 810 716 736 34 962 919 828 633 340 916 480 547 591 615 486 442 217 366 248 853 48 971 876 730 176 146 271 807 179 874 978 108 72 802 938 486 799 17 337 121 263 787 895 438 558 885 3 460 538 868 755 628 220 527 355 830 965 880 275 629 193 59 302 865 659 89 860 723 970 579 520 471 653 196 382 732 685 144 713 124 516 531 470 760 696 381 534 818 220 855 823 826 140 820 888 221 757 158 548 354 641 402 641 894 480 992 688 542 604 642 274 945 326 251 683 349 728
957 376 709 168 645 118 659 53 205 514 324 418 59 938 377 525 510 491 610 857 646 972 819 220 642 67 499 48 938 876 740 842 834 686 535 301 165 918 787 463 745 949 482 574 765 884 16 199 386 542 233 765 714 758 744 623 950 482 87 113 804 833 367 274 762 407 245 795 893 733 894 774 212 256 492 937 923 890 864 911 569 650 254 693 609 172 721 871 644 85 483 427 589 8 849 880 129 569 609 825 947 24 17 895 866 761 636 531 849 845 870 855 678 653 196 693 573 899 917 717 146 826 81 606 859 710 8 487 243
138 494 893 443 958 745 513 692 190 361 204 329 345 564 871 40 212 494 408 315 848 943 777 353 447 761 684 811 640 814 806 387 742 271 393 437 510 859 959 966 197 615 931 207 910 127 309 391 695 802 26 309 626 761 157 800 592 326 340 333 932 838 328 991 708 673 742 75 737 439 997 572 589 567 229 773 125 888 533 254 159 477 920 183 571 720 238 380 908 406 66 999 372 239 412 643 493 967 456 279 961 156 170 803 45 647 216 689 945 849 129 74 713 477 259 228 285 751 304 45 48 874 969 431 471 419 99 791 365
400 647 994 71 589 996 229 968 201 783 149 789 613 890 811 816 605 138 495 226 83 384 335 449 219 89 249 614 214 277 231 494 92 579 274 224 240 951 79 224 377 802 9 554 579 236 528 710 959 357 566 431 227 952 661 87 457 491 928 313 23 799 68 96 371 40 26 193 826 531 685 121 653 441 50 713 857 678 816 3 455 496 953 523 125 965 364 265 860 547 556 842 740 207 421 768 460 160 135 995 578 149 607 101 139 397 162 947 384 292 851 60 473 923 543 56 614 141 77 102 702 781 973 572 603 247 936 922 222
561 879 767 942 553 74 590 326 35 892 970 907 144 117 506 997 616 75 321 618 629 746 616 524 318 920 654 498 668 579 870 345 455 391 278 728 882 266 598 345 215 548 484 340 131 565 102 91 352 814 686 417 368 642 693 613 882 188 217 456 852 915 217 724 580 535 143 301 800 925 398 306 805 832 254 959 9 719 398 437 136 724 964 813 756 269 1 793 22 312 149 305 516 588 197 100 627 572 726 755 273 908 91 173 755 550 348 304 954 195 942 661 715 177 189 769 363 395 394 67 730 466 964 834 87 445 690 38 843
439 778 807 744 589 552 657 805 870 99 735 101 78 538 186 51 209 671 109 525 957 532 804 817 285 390 774 965 804 258 138 290 384 136 678 913 188 620 38 342 428 343 967 807 919 271 141 536 413 816 859 687 931 814 30 685 864 130 331 554 811 682 830 474 399 117 505 453 398 654 106 315 94 522 235 322 700 395 444 376 821 849 752 821 495 440 214 58 672 563 161 738 145 654 978 90 861 57 21 950 60 170 122 388 838 39 550 727 32 219 843 347 555 995 359 503 224 971 219 129 994 919 642 429 440 231 886 529 313
290 72 60 187 958 594 677 467 842 742 461 470 447 308 587 709 323 421 336 138 24 16 356 625 231 960 634 980 816 899 280 212 381 421 943 893 778 484 459 363 618 290 365 34 90 958 83 844 479 203 717 109 876 950 590 131 559 676 299 236 65 440 719 265 171 100 892 610 372 532 605 594 363 566 402 64 258 211 528 204 462 645 892 470 534 604 583 210 216 806 145 208 285 144 388 733 986 543 560 83 194 508 278 459 312 564 247 288 619 790 228 443 864 648 258 595 508 886 826 939 879 969 825 158 437 231 263 429 635
879 969 967 431 433 686 273 491 816 477 550 413 462 794 616 774 309 158 248 985 862 703 359 702 649 752 774 522 404 759 790 818 817 31 545 886 719 368 440 316 388 174 493 24 34 989 300 35 875 543 313 415 603 58 718 957 377 723 226 749 800 640 862 339 678 256 591 773 468 727 533 442 615 232 831 760 649 837 68 290 187 840 600 993 589 942 646 926 872 430 515 619 180 704 509 875 322 36 180 551 448 496 842 495 948 721 799 839 168 800 547 627 131 968 231 554 686 801 468 67 584 818 730 869 303 852 298 629 435
638 265 34 696 51 953 346 627 791 508 200 510 788 468 111 702 818 254 577 28 189 889 839 980 452 817 806 314 13 138 801 540 781 428 239 796 864 451 121 197 60 456 334 688 16 32 892 242 491 283 893 488 801 558 150 416 667 665 416 888 207 304 14 322 560 160 769 260 577 314 317 305 769 664 563 139 229 762 925 73 883 948 276 335 696 852 53 307 220 988 193 140 297 260 923 520 951 998 313 200 962 939 456 900 768 259 316 946 591 798 902 995 324 825 842 495 927 375 418 311 244 147 328 668 169 545 566 931 627
302 241 318 223 677 246 329 91 179 919 825 208 781 731 677 91 667 837 851 840 395 635 520 229 726 419 822 479 594 356 841 820 441 795 97 772 393 825 942 345 992 49 843 652 943 768 478 983 114 874 672 70 522 643 255 225 835 306 797 305 728 683 36 129 403 921 945 708 623 794 634 270 382 620 898 4 365 680 816 884 66 934 678 686 505 502 253 862 920 325 587 757 292 772 504 507 644 538 397 443 783 483 975 819 327 786 463 540 584 129 349 278 215 938 354 333 659 350 222 91 422 468 383 784 17 521 643 890 458
875 675 764 365 775 730 390 118 810 492 687 435 441 627 758 904 698 531 684 53 204 384 233 879 732 43 296 837 838 787 826 48 679 17 265 954 373 307 563 935 95 656 626 711 927 209 254 934 909 480 668 756 321 879 942 440 802 270 297 873 16 836 372 620 779 263 348 55 676 594 732 977 691 109 514 966 363 571 804 383 592 184 807 407 208 937 89 954 828 684 119 16 305 138 784 920 978 390 537 605 817 725 440 566 267 680 853 200 634 182 961 70 663 344 203 610 972 39 62 622 788 298 104 512 748 468 531 735 425
559 680 556 715 15 744 364 477 476 747 930 806 381 509 418 795 225 297 581 8 320 136 976 252 660 970 756 109 93 678 425 266 329 368 126 476 197 243 708 176 341 711 136 849 758 706 849 2 431 979 669 944 556 760 263 920 152 274 88 154 415 782 667 429 486 29 692 47 420 742 921 549 36 237 562 432 690 877 276 282 183 557 330 680 164 882 51 229 706 176 744 761 835 309 737 957 834 670 44 843 840 698 322 334 96 877 122 509 106 916 438 432 458 217 635 14 630 867 179 893 68 185 18 605 73 77 881 623 699
706 488 573 373 98 122 300 512 873 404 980 967 941 537 333 766 465 271 979 307 100 13 822 26 273 320 97 135 60 275 633 160 667 764 998 243 547 551 200 824 122 676 592 197 484 113 465 546 214 348 475 600 526 723 176 561 273 158 509 846 452 873 309 464 609 206 524 558 89 132 22 102 137 610 30 242 692 690 114 287 755 811 275 164 425 371 547 828 70 604 82 625 417 638 166 716 168 19 430 955 909 852 92 910 883 504 515 265 361 211 317 143 746 313 444 257 358 766 347 549 175 993 152 107 239 304 75 831 591
582 445 601 118 117 684 400 966 626 8 778 393 111 655 649 947 561 112 578 704 511 887 363 530 596 65 780 398 687 508 395 411 626 186 279 617 702 696 211 933 396 915 642 797 948 980 584 865 867 832 253 559 450 261 67 672 971 397 939 234 730 271 286 593 836 720 214 192 889 210 394 183 95 754 239 3 955 730 285 329 652 940 928 452 580 212 294 627 735 956 125 81 651 763 13 923 30 94 748 832 523 110 385 704 903 971 316 509 549 367 738 927 837 923 296 478 355 116 501 389 396 648 216 70 778 756 254 501 140
240 39 575 838 196 777 212 812 784 457 710 989 739 708 778 614 362 146 528 602 56 445 427 103 678 724 242 65 299 429 313 464 755 138 181 589 752 99 205 564 433 272 772 609 839 581 86 783 576 42 239 373 350 128 182 595 521 739 65 718 95 340 86 369 736 532 716 215 421 262 764 915 590 999 838 36 289 713 208 621 971 275 370 822 957 296 115 785 3 820 896 848 49 155 922 689 138 259 902 724 758 454 241 257 500 748 185 604 564 759 213 906 591 641 464 721 532 432 49 13 109 972 597 245 700 130 168 564 995
31 488 725 76 897 878 630 151 7 574 374 7 400 663 221 536 172 434 586 601 732 120 517 803 392 548 1000 620 149 976 832 819 236 390 407 246 64 827 929 396 822 859 908 22 914 753 179 96 527 892 367 368 937 816 158 573 259 489 387 163 63 745 420 184 31 263 962 131 903 35 165 868 963 62 536 827 400 823 489 620 425 529 827 630 586 606 246 662 589 476 756 826 155 548 813 809 604 655 658 345 425 810 341 916 335 584 58 440 245 614 111 876 211 648 78 751 991 483 563 846 694 338 48 598 129 885 182 652 471
346 126 215 159 689 854 238 145 482 841 398 588 585 317 83 201 382 771 437 932 727 806 768 645 146 561 494 755 66 402 664 289 76 262 216 188 642 870 832 665 902 855 179 515 2 488 520 327 933 974 87 957 43 698 278 918 27 937 167 902 818 945 783 633 715 926 424 884 997 985 87 126 140 796 572 78 666 441 442 496 943 687 678 599 708 542 530 807 646 519 529 373 652 503 742 415 867 312 23 260 703 501 18 484 687 543 782 574 731 43 756 7 786 782 74 858 830 43 591 441 549 978 540 69 566 118 830 142 373
641 330 383 273 259 465 70 68 18 271 821 233 901 227 114 308 723 743 692 472 40 421 659 645 597 211 881 887 429 480 285 162 87 323 60 420 464 237 959 650 806 882 250 715 864 353 765 25 233 273 259 918 646 939 235 965 759 233 475 348 662 770 809 779 531 188 153 642 131 529 830 506 718 815 433 70 660 950 436 203 625 247 817 853 433 749 391 151 27 436 557 459 29 577 978 331 797 325 21 762 664 623 272 587 24 375 78 339 432 823 895 37 94 361 719 364 4 710 288 446 697 479 738 807 147 833 943 795 787
672 465 587 818 925 13 639 268 640 824 220 458 530 66 146 137 807 834 665 122 316 210 875 491 571 172 97 451 924 61 106 910 422 517 797 840 197 199 679 441 323 65 319 67 236 369 970 777 27 576 165 445 712 742 484 588 795 127 125 882 375 543 315 64 791 967 694 992 253 905 367 236 402 608 605 329 452 878 88 115 926 492 70 58 748 903 192 555 224 453 971 828 252 653 903 537 81 170 810 663 553 497 744 17 472 54 225 669 810 622 366 612 697 24 631 864 108 328 540 341 797 7 853 263 755 942 790 539 494
763 736 274 491 267 343 380 261 309 181 785 423 492 19 157 744 919 408 301 285 729 14 335 124 514 956 142 685 906 880 578 573 720 503 461 52 445 416 785 684 742 921 415 284 910 316 799 987 78 780 65 539 805 395 973 530 267 14 291 242 159 491 192 377 661 74 355 715 210 246 181 955 19 512 301 724 689 432 679 63 968 120 432 442 470 620 76 705 707 482 318 728 957 695 812 644 872 405 942 641 282 181 636 897 431 240 176 509 342 986 799 262 875 26 387 449 973 996 928 476 392 422 575 819 500 149 777 340 550
755 356 861 558 503 889 848 392 170 549 275 381 866 26 96 659 889 64 773 110 234 486 484 128 833 923 660 22 289 322 531 648 441 736 291 371 29 435 239 2 171 632 54 29 247 90 667 617 94 428 170 837 455 162 306 676 346 270 437 192 426 468 385 822 132 639 894 298 220 538 123 646 3 659 962 956 995 197 381 517 850 758 107 784 774 400 586 523 789 45 361 954 472 159 870 210 575 240 685 840 784 886 932 670 82 462 150 592 934 533 999 214 648 296 48 626 408 280 242 207 749 504 550 231 376 912 606 641 83
647 506 990 938 924 501 291 332 211 795 942 493 104 121 871 304 406 581 232 1000 257 221 768 831 31 728 843 187 87 630 758 738 837 948 989 524 567 968 296 673 901 92 945 916 17 741 263 658 931 482 239 121 556 770 772 150 189 364 529 343 941 952 377 914 551 681 369 335 825 640 234 862 747 365 617 481 323 368 359 786 684 825 179 601 761 9 880 915 569 315 186 630 615 415 673 998 755 792 439 919 657 78 278 198 886 474 330 733 130 703 375 641 41 667 348 228 582 392 371 126 858 580 256 260 245 981 67 655 211
183 301 468 240 424 251 871 565 399 346 70 60 653 887 140 785 763 158 325 326 522 111 635 157 953 431 596 567 712 511 353 560 256 153 775 522 655 669 17 859 68 892 500 649 451 81 155 667 686 292 181 140 525 139 757 489 618 771 960 933 454 912 951 341 403 541 382 524 270 825 140 280 960 81 592 579 911 911 634 712 78 964 457 547 159 773 27 407 257 48 643 628 72 185 954 111 403 534 287 513 191 354 561 290 847 751 167 832 134 569 31 104 463 821 156 98 758 372 749 480 374 789 801 356 117 472 411 208 787
304 394 455 622 383 970 418 451 746 327 602 151 850 140 797 774 883 235 901 142 858 363 892 128 835 510 258 591 789 357 166 843 593 446 772 375 905 55 732 780 25 85 901 19 472 322 430 622 688 571 763 896 468 90 849 466 113 461 334 66 664 626 62 700 205 392 657 911 574 431 122 584 629 348 788 531 952 600 78 390 405 478 485 929 664 174 862 627 282 231 542 645 381 727 320 802 355 904 719 605 442 779 49 19 33 714 279 161 210 814 997 825 107 455 438 671 751 687 174 161 44 323 742 956 145 177 616 754 740
163 762 911 489 923 919 135 601 297 534 615 624 170 885 690 598 933 221 740 172 777 314 297 266 516 592 800 873 249 958 932 584 273 333 507 826 800 476 894 930 169 194 650 406 143 16 989 842 718 851 221 825 149 221 664 40 305 325 442 817 964 625 425 859 425 537 936 196 156 77 700 341 199 822 4 467 375 27 136 261 617 51 227 848 144 863 531 967 881 910 814 464 950 626 772 974 966 721 538 306 172 222 590 320 33 858 422 663 12 79 756 919 384 781 944 296 125 192 444 800 242 236 856 437 971 750 736 925 40
145 876 653 37 518 359 445 39 476 975 867 605 193 397 48 805 792 562 714 783 349 32 16 654 356 32 767 363 134 880 777 18 870 354 668 571 281 712 538 340 842 452 231 42 90 819 495 826 15 381 961 130 784 784 775 385 160 836 952 69 145 701 594 654 478 157 897 32 682 510 194 494 583 152 425 161 480 243 65 617 258 158 179 745 655 889 757 820 33 496 507 279 903 116 84 181 538 457 181 447 700 268 355 337 217 882 568 923 611 857 515 458 984 365 443 694 670 372 772 774 481 514 802 857 402 125 568 615 12
799 209 228 106 816 524 65 80 429 661 565 511 870 230 988 815 454 678 562 384 4 362 77 202 135 781 300 721 62 97 419 422 653 702 899 81 322 472 28 808 287 420 784 370 949 286 855 911 324 577 833 513 345 681 966 44 318 208 210 858 94 742 411 315 984 522 630 161 633 348 334 550 116 271 765 56 784 112 995 968 136 626 657 980 503 127 326 815 192 770 774 660 716 538 522 421 811 973 470 652 445 576 733 937 561 914 18 556 66 55 111 742 936 676 755 767 594 460 503 225 185 878 840 372 233 563 497 894 273
552 363 332 448 143 427 747 921 768 705 77 76 121 533 224 833 529 637 693 101 975 24 693 275 953 323 988 604 342 108 113 661 992 279 585 685 656 147 466 910 947 120 290 30 694 622 718 853 431 60 229 590 479 819 575 707 121 438 602 381 251 344 911 200 659 976 125 675 391 237 654 993 434 466 565 648 122 318 415 318 817 867 492 229 261 238 850 494 871 82 976 55 442 503 989 542 578 287 358 510 997 95 32 789 872 572 942 161 183 417 337 934 980 293 842 584 186 647 168 323 861 647 519 678 900 477 265 812 967
174 573 361 731 325 429 460 711 638 415 656 186 330 77 94 768 195 959 361 97 782 861 782 24 507 985 450 211 673 147 981 16 738 234 643 7 606 530 485 205 126 656 723 462 516 582 787 108 475 564 426 248 847 840 561 32 837 627 986 684 86 990 698 403 498 495 300 734 215 202 916 786 898 688 825 74 10 866 991 888 16 628 186 239 205 451 798 371 686 845 407 431 85 529 891 512 495 294 665 574 252 486 806 562 227 937 613 792 258 760 543 980 569 247 547 232 964 140 491 112 526 683 67 749 508 643 658 145 437
473 20 855 808 824 347 574 684 647 635 816 312 201 545 680 514 729 714 746 527 812 778 163 792 310 165 125 45 284 951 724 978 478 689 668 230 141 222 311 328 934 621 978 166 884 913 850 230 728 7 220 162 698 177 250 536 292 581 683 604 49 235 634 111 183 241 82 857 991 153 573 199 357 324 174 790 96 607 625 522 642 171 295 895 730 617 756 104 916 711 886 1000 611 408 932 394 142 663 312 800 329 63 276 596 281 768 468 444 729 590 292 842 829 747 468 472 158 671 517 941 223 606 492 363 907 352 765 907 135
700 192 384 267 377 176 385 578 977 784 439 321 224 665 922 547 983 690 319 554 964 287 111 504 616 683 460 725 947 395 816 744 726 606 253 494 209 29 666 888 261 288 785 103 481 14 479 791 409 596 582 778 955 143 56 657 771 313 64 699 150 178 725 913 79 624 481 55 526 680 526 96 841 6 17 216 582 580 74 753 702 291 583 784 697 784 83 368 496 312 688 662 434 610 590 403 727 802 523 330 838 749 379 439 994 337 912 212 922 24 574 244 422 534 457 805 556 243 253 241 71 609 994 47 963 460 992 424 182
628 735 983 355 688 590 16 891 364 558 477 709 921 188 169 169 146 932 692 36 320 148 902 122 99 381 304 932 753 121 767 18 449 544 378 208 245 251 162 618 138 788 782 382 134 135 786 854 562 271 643 289 70 934 323 838 456 230 352 79 293 316 542 161 713 147 890 557 795 780 317 232 426 425 949 683 415 222 643 295 1 151 168 239 712 739 8 191 730 495 405 626 394 217 916 445 620 20 408 332 257 478 834 386 96 831 373 36 989 864 110 474 388 225 465 692 769 907 177 564 103 386 291 377 509 39 328 712 16
628 232 524 853 397 346 616 845 748 352 322 457 334 682 499 89 819 792 635 501 710 16 753 405 926 119 616 151 190 158 575 436 719 59 604 532 46 811 254 998 293 170 207 384 409 801 857 928 489 815 12 769 77 513 502 939 450 376 819 226 184 785 740 742 182 3 518 445 713 365 287 811 597 798 455 332 503 754 611 358 825 290 588 703 290 367 180 270 840 956 427 150 165 812 838 408 60 462 435 766 74 873 280 814 189 106 827 465 37 379 151 473 617 795 262 307 60 606 605 674 731 850 3 28 765 985 157 669 388
876 398 69 321 379 580 947 554 917 256 140 506 643 366 457 441 212 601 808 962 262 301 345 799 995 67 441 139 246 738 917 478 309 95 510 759 719 181 977 915 401 307 157 10 376 280 95 488 318 171 996 131 658 576 253 818 198 506 460 226 93 743 113 206 96 285 490 933 981 273 269 629 801 610 833 902 4 577 459 853 567 114 842 101 781 620 240 701 992 949 61 689 852 28 22 902 482 639 915 364 478 50 800 247 154 343 997 366 619 620 725 299 876 47 179 618 445 608 524 829 600 973 280 985 338 209 24 908 728
543 614 198 387 394 196 316 33 827 523 70 110 681 652 610 169 473 410 212 247 133 516 943 106 508 948 729 987 580 162 707 647 501 571 845 848 261 852 107 549 923 87 906 942 837 799 517 691 763 904 289 993 232 656 903 997 488 34 982 735 707 422 677 695 77 396 902 885 787 787 311 206 846 39 580 495 596 239 855 929 411 285 50 737 960 692 332 844 338 92 643 152 462 874 507 382 661 806 255 457 589 617 66 49 638 728 818 656 714 724 983 694 512 545 292 453 491 727 675 491 917 1000 607 486 402 640 409 955 348
202 484 357 40 967 250 979 717 332 861 564 456 530 634 680 23 125 497 668 116 811 85 586 772 281 22 398 535 47 538 935 730 539 800 382 751 326 229 197 218 939 743 162 688 498 879 197 901 184 895 40 167 205 670 620 314 248 945 151 294 943 635 133 169 951 850 291 366 585 313 505 620 117 529 26 303 645 336 487 661 432 947 506 11 277 296 860 413 547 447 224 967 139 588 350 295 734 223 890 643 422 278 509 15 189 66 98 271 620 455 464 240 144 679 547 533 916 778 711 911 20 842 881 198 885 494 949 798 400
294 108 283 217 778 13 87 951 883 74 919 705 54 406 123 620 768 746 819 762 900 234 637 659 690 250 374 761 198 214 390 67 714 764 146 22 481 191 388 100 764 847 887 27 586 103 662 131 290 961 578 571 501 997 561 879 601 889 402 775 311 458 630 249 678 831 882 464 204 876 181 671 958 868 888 373 950 901 568 542 629 174 45 457 142 759 507 371 302 772 441 925 974 241 282 641 570 1 705 674 9 393 325 972 582 280 455 248 658 125 547 416 70 697 290 378 927 701 799 292 838 418 851 5 635 880 705 309 503
128 157 364 790 55 372 396 908 495 172 518 12 398 526 25 804 181 165 887 484 648 826 451 888 58 852 307 646 617 541 953 896 895 338 982 6 645 657 897 106 105 362 552 792 110 440 535 172 803 671 932 895 414 690 831 117 460 706 308 889 635 92 70 254 998 392 923 115 493 613 214 213 95 658 457 784 385 406 497 420 178 621 959 744 10 149 242 627 260 267 503 522 392 994 268 698 407 357 797 596 603 962 846 67 56 893 342 505 416 944 972 109 906 379 136 507 882 118 356 837 465 127 271 770 281 138 124 200 689
176 548 874 806 889 76 741 173 227 191 27 6 957 235 80 834 98 413 969 89 595 5 428 418 869 819 765 72 714 917 336 965 76 606 157 732 753 15 615 646 62 937 894 845 739 583 379 962 388 617 797 973 182 343 841 928 414 839 890 608 494 591 236 408 552 952 606 491 617 865 748 513 540 550 305 962 801 23 682 30 657 374 671 169 605 27 865 97 601 781 274 820 488 319 726 49 152 157 370 45 471 230 313 907 70 987 396 300 962 685 196 443 295 446 893 994 27 891 806 668 387 521 141 621 567 637 30 641 470
442 822 762 34 848 479 874 314 100 382 220 982 894 798 718 50 827 561 387 13 851 876 278 183 321 698 869 493 647 541 49 429 969 167 380 472 18 461 908 190 532 606 921 696 575 584 440 622 305 88 300 188 973 151 711 371 905 853 539 969 562 844 524 390 885 735 909 563 563 33 857 93 819 675 340 861 363 800 426 482 66 300 684 785 208 162 107 640 130 81 33 712 843 125 35 274 974 186 838 158 964 892 238 893 476 54 938 222 684 333 825 721 771 277 649 131 117 743 621 555 479 619 50 250 32 199 496 206 430
565 328 606 257 262 955 763 672 335 518 364 599 152 668 291 549 529 526 469 7 503 42 32 52 622 311 671 375 38 762 858 892 35 383 632 305 827 989 381 816 59 2 170 315 877 964 156 237 910 123 701 632 454 867 976 152 196 386 805 2 457 376 288 779 180 432 578 683 920 839 402 500 208 457 555 321 195 515 226 890 216 540 403 209 437 164 912 188 498 752 263 148 321 260 411 101 814 470 603 709 491 209 335 564 505 673 292 72 372 684 345 518 708 355 193 487 598 148 836 126 663 464 892 942 883 374 853 129 318
885 317 613 547 477 999 563 817 648 630 975 513 690 913 152 797 630 466 13 106 611 338 880 113 369 46 207 238 142 484 290 262 318 558 932 654 917 554 440 836 678 209 623 296 999 713 647 675 560 998 480 698 855 138 413 893 593 765 198 340 547 442 257 637 325 30 891 555 130 685 921 930 785 427 359 864 260 213 144 149 117 797 146 690 606 966 68 448 371 279 181 769 187 873 815 580 905 318 949 225 920 632 340 694 98 399 747 783 934 33 632 161 670 284 679 744 241 5 631 781 742 954 119 730 337 301 721 216 94
306 250 803 149 725 119 657 11 886 390 553 298 972 885 146 97 719 469 86 277 22 688 64 972 804 610 778 806 424 429 630 673 63 702 898 340 824 893 4 190 742 744 351 191 686 520 742 663 15 255 653 259 125 875 136 976 643 204 420 434 424 113 241 427 637 676 995 328 497 631 766 779 824 81 749 792 213 960 384 277 307 820 996 126 702 978 50 509 274 84 136 609 434 707 327 854 853 567 595 390 184 191 337 205 375 705 182 685 350 54 472 572 895 855 494 459 542 644 893 492 891 805 105 966 725 622 700 732 358
277 880 409 738 912 346 675 197 514 459 793 945 333 577 909 656 868 549 465 617 756 547 302 602 75 386 83 741 509 178 17 268 303 239 153 815 494 375 808 44 547 658 962 783 11 876 781 107 254 362 928 376 323 177 440 179 119 545 927 701 788 669 6 631 583 503 154 960 300 141 302 545 759 66 983 65 976 60 465 259 375 967 785 521 207 83 54 189 760 845 10 771 822 419 651 983 794 68 387 454 159 351 989 560 88 366 24 197 60 490 746 902 693 439 351 529 197 272 222 910 519 558 656 607 614 38 233 223 676
196 318 708 502 398 936 763 319 598 955 693 99 507 546 778 534 235 901 432 163 224 265 998 441 633 507 154 711 737 353 303 641 882 119 990 130 578 105 442 178 867 846 793 177 2 881 540 797 678 255 876 575 45 754 908 797 670 50 701 160 918 831 621 631 740 26 101 376 440 775 257 25 696 587 250 583 486 630 706 132 378 51 574 360 749 762 243 339 128 26 701 362 864 394 591 619 180 125 193 290 267 114 707 905 841 346 126 365 200 351 499 605 469 253 192 6 242 827 523 274 269 364 532 595 357 282 174 994 26
342 194 655 816 543 739 497 711 32 290 686 748 669 279 621 245 955 153 968 596 849 196 859 445 891 574 353 862 48 484 193 984 193 966 549 288 828 930 733 16 110 602 568 109 407 794 211 823 341 630 110 827 503 129 449 877 42 698 772 861 472 677 378 719 215 544 947 886 147 699 673 335 633 880 1 754 654 633 486 479 688 378 849 827 415 80 444 75 565 145 483 574 365 643 471 666 311 148 950 160 765 67 772 714 914 841 401 819 319 790 963 664 502 59 719 25 591 320 326 771 712 516 311 458 300 362 848 510 212
498 609 645 53 992 745 50 755 401 471 179 923 211 916 601 806 283 451 730 515 679 445 477 904 105 759 332 937 976 474 184 756 588 802 327 592 600 892 540 527 922 393 881 609 61 584 722 203 409 905 457 519 796 393 975 437 908 502 950 967 643 919 297 45 564 835 288 215 244 315 394 382 472 735 142 215 171 215 27 600 391 260 249 432 854 441 627 84 477 165 92 8 357 384 507 51 183 764 446 488 541 292 732 432 96 181 421 666 464 765 317 769 897 938 817 449 481 636 519 369 888 951 51 333 407 868 19 970 851
832 652 227 933 516 15 645 388 446 144 597 756 506 941 102 157 418 638 931 509 599 665 973 228 199 96 802 64 723 894 171 594 283 729 299 753 23 342 582 526 127 681 308 93 787 416 272 137 909 473 795 552 457 889 53 331 294 116 90 943 208 287 373 64 594 912 190 250 317 688 618 447 890 2 450 631 38 46 98 710 187 439 381 617 988 489 15 159 376 128 280 96 315 438 782 971 128 893 805 786 172 323 844 996 683 506 171 655 21 92 722 528 955 514 479 852 194 122 830 159 230 221 51 275 550 38 83 299 885
486 705 246 300 646 947 582 673 112 616 742 174 198 985 416 51 705 98 604 670 429 66 469 683 631 373 839 494 352 725 261 928 677 746 881 218 792 120 33 925 800 445 432 650 712 173 696 471 551 338 268 315 176 499 773 94 720 479 717 685 70 197 487 580 11 429 963 629 665 876 414 302 738 780 692 647 926 12 498 221 739 756 368 353 242 318 711 625 570 459 693 167 839 176 535 630 267 547 826 590 933 607 670 708 658 298 803 381 463 903 647 698 125 519 283 127 155 400 812 156 179 423 908 162 172 949 77 998 637
934 982 812 883 239 682 811 103 604 849 691 257 433 553 341 587 49 736 485 187 672 283 166 538 27 11 967 822 844 147 66 834 169 28 925 507 911 833 280 908 400 931 251 162 320 900 913 986 252 887 165 632 182 148 330 115 901 70 688 216 938 431 442 707 44 2 771 244 660 198 31 803 901 829 535 165 518 298 723 476 365 955 741 135 266 711 507 298 899 46 132 345 459 343 299 860 902 121 377 779 890 371 286 223 588 366 728 577 107 791 608 993 146 279 893 629 860 51 73 462 979 343 380 1000 505 389 504 3 29
471 189 878 163 155 212 872 617 483 180 238 470 416 995 695 137 249 640 708 470 158 159 538 770 353 267 692 145 911 659 872 140 46 444 681 144 446 365 607 838 582 213 908 596 963 822 488 824 323 45 156 262 637 663 457 103 497 217 587 493 793 177 971 250 644 47 584 454 326 49 691 871 732 219 577 119 99 92 154 249 228 189 737 339 752 43 809 318 66 703 730 290 479 417 217 705 891 722 376 404 30 737 522 22 144 24 340 666 462 993 907 637 747 412 35 709 292 862 305 703 510 453 895 979 26 307 951 30 130
633 645 111 518 686 602 87 246 140 438 902 417 990 365 250 187 148 114 420 778 325 35 500 626 182 201 829 204 556 573 6 331 742 188 969 233 722 113 772 255 675 109 13 999 442 897 181 897 646 587 672 82 677 214 176 996 781 241 730 489 445 946 432 583 999 927 432 753 292 711 376 999 298 56 349 89 672 264 113 746 296 23 861 82 613 854 181 581 740 826 446 153 233 805 564 253 241 767 771 879 35 457 253 675 302 926 817 226 802 238 831 51 488 188 38 237 61 285 320 776 608 78 867 397 153 387 402 782 822
817 380 414 753 985 608 266 354 928 114 657 104 109 475 291 379 659 49 7 155 119 94 175 441 314 296 944 180 219 776 924 467 270 312 566 515 218 477 925 283 765 508 491 738 897 995 501 908 584 474 1 181 842 600 363 695 703 539 748 188 594 453 414 856 841 87 32 161 779 863 499 990 603 480 207 891 894 659 456 291 898 876 433 313 750 959 427 621 290 468 276 719 578 900 621 559 884 817 844 169 406 327 207 253 802 694 449 824 95 114 169 135 315 470 194 56 800 687 783 515 839 661 916 961 94 949 295 876 98
867 339 590 595 199 986 295 551 239 245 506 596 223 630 556 202 441 796 652 347 333 889 299 17 940 885 5 321 249 687 821 68 306 429 359 151 914 744 919 987 698 506 359 518 869 260 681 580 939 712 639 35 51 458 242 266 286 663 854 715 561 992 86 903 93 365 511 891 263 664 437 382 917 813 385 611 998 857 997 31 630 349 374 287 136 249 40 756 324 768 564 413 615 82 680 229 453 297 91 626 454 308 595 962 930 614 406 494 500 62 693 936 276 414 581 491 924 690 427 472 182 459 836 569 731 657 598 565 381
412 792 970 165 396 784 707 801 690 186 69 49 713 359 186 452 798 838 662 715 268 812 903 544 823 884 171 762 893 181 614 712 447 308 755 157 832 269 932 895 65 483 137 340 837 122 631 608 998 923 424 124 409 981 30 814 283 629 517 238 303 911 779 551 509 17 466 393 840 27 391 904 849 50 148 640 386 401 119 674 652 965 655 121 194 467 307 696 485 296 356 784 791 868 190 921 250 452 791 485 155 391 50 959 756 769 788 529 639 470 620 328 464 136 954 285 87 638 318 159 312 178 831 432 252 315 269 310 976
894 299 503 488 353 519 888 979 255 186 3 465 51 915 290 115 303 579 296 101 658 599 839 558 351 955 827 835 31 518 245 277 354 603 304 859 6 53 366 167 888 448 690 2 899 172 231 244 115 316 626 644 366 312 656 771 800 708 741 53 822 91 877 395 14 591 397 974 574 291 301 656 37 12 594 776 97 450 609 381 194 621 746 365 123 387 617 757 835 154 615 641 536 282 602 360 313 588 881 737 338 573 786 919 433 102 851 984 971 432 415 313 773 474 158 932 356 522 439 77 626 839 525 373 958 883 740 150 448
737 734 995 325 595 70 938 378 392 689 996 544 661 980 30 274 299 975 552 28 527 385 726 241 333 986 758 139 401 805 458 853 214 95 634 936 524 356 169 918 62 918 957 752 169 990 905 639 693 701 639 425 445 830 930 755 817 143 547 550 337 914 779 111 85 359 250 816 113 385 205 418 181 242 910 263 436 734 927 668 776 367 33 296 655 980 587 48 308 393 340 26 642 423 998 975 43 564 477 287 557 169 780 588 548 51 330 709 108 179 261 365 690 978 24 743 239 851 672 132 104 924 934 542 713 537 613 99 949
306 187 731 786 31 242 477 527 227 420 265 217 1 913 98 545 976 945 757 440 749 743 36 528 241 706 249 338 463 723 430 373 232 50 39 195 175 240 915 453 418 148 915 394 704 118 80 818 481 16 829 685 841 609 125 320 554 78 691 427 872 122 714 448 122 425 40 177 545 578 183 845 734 736 347 543 207 850 176 820 489 366 650 643 355 91 440 253 205 602 466 139 204 327 725 263 348 227 968 251 532 592 794 204 480 161 704 13 263 750 319 739 777 181 881 107 958 526 310 263 628 233 22 867 519 170 188 211 289
604 618 705 976 640 377 146 82 569 522 338 26 213 241 17 917 611 162 859 90 803 202 762 649 455 2 473 577 880 654 314 58 679 306 172 296 631 150 435 110 141 303 475 62 59 6 455 756 945 394 821 743 575 120 831 46 464 813 355 166 708 450 393 39 319 498 226 771 868 977 5 211 913 460 602 951 641 209 34 771 924 321 68 212 401 402 202 245 482 695 773 127 990 532 432 839 663 685 446 514 754 50 326 238 729 466 691 64 956 435 537 365 292 181 918 36 494 65 218 173 330 273 609 778 958 752 503 827 801
841 283 631 241 335 425 31 656 827 347 481 768 466 131 578 675 237 892 228 932 485 248 890 412 859 710 76 233 258 487 500 897 239 961 177 973 248 523 944 283 612 697 268 677 356 655 337 705 590 41 131 808 94 899 806 24 6 575 916 354 411 925 100 866 147 642 430 345 830 627 762 727 554 326 158 541 351 192 527 791 321 976 570 42 742 173 295 392 363 143 639 537 395 138 970 892 726 248 854 857 504 781 200 87 625 92 298 465 916 117 994 295 64 203 78 214 334 520 614 295 576 101 521 709 12 138 937 799 443
842 98 878 113 828 239 823 479 64 142 805 877 778 157 798 459 393 167 664 515 312 561 368 246 543 472 759 800 391 144 435 988 447 230 568 863 150 79 282 472 481 608 857 712 144 674 38 254 423 204 404 300 162 765 945 169 893 147 101 670 861 870 569 100 846 135 12 88 22 501 935 362 245 123 56 874 702 908 83 345 959 361 746 201 467 466 839 306 25 898 915 586 341 891 572 155 542 660 477 634 197 895 896 888 801 74 346 259 705 868 928 727 319 134 3 458 69 360 601 896 174 641 582 644 641 742 640 710 37
47 654 606 160 776 225 81 790 975 513 600 412 584 313 405 552 784 262 128 700 208 740 930 461 874 464 190 276 115 466 621 498 488 877 823 2 969 851 682 472 977 691 453 368 286 640 838 747 572 314 409 585 635 4 408 674 949 940 778 949 717 507 666 497 832 445 152 69 260 502 425 675 580 548 285 236 458 420 967 411 177 589 198 876 634 582 688 865 885 759 680 419 251 886 455 234 665 854 527 85 426 54 717 797 925 65 889 95 71 337 739 121 279 557 887 252 359 276 485 126 401 557 664 988 40 634 898 763 195
982 343 607 968 904 955 38 421 974 521 437 821 986 188 112 983 378 615 596 986 539 339 5 430 805 428 416 86 145 643 521 875 213 231 357 291 302 938 555 609 572 766 897 987 529 991 361 385 486 665 692 853 144 955 390 393 231 679 564 226 815 807 596 448 812 112 207 19 783 336 231 998 75 959 294 91 198 340 462 212 939 17 312 26 83 278 939 897 411 556 456 958 228 94 827 109 438 398 62 573 509 395 288 460 719 512 603 449 305 319 833 807 286 859 250 763 666 346 380 411 396 377 346 106 554 43 831 599 677
477 569 448 354 848 967 522 284 681 206 106 865 390 152 511 383 221 762 695 244 735 644 463 952 366 548 376 368 625 271 850 660 750 248 175 558 964 748 324 769 56 460 707 227 285 310 891 360 844 479 895 79 981 40 960 373 421 544 489 306 410 711 761 978 112 966 76 899 222 3 734 739 337 329 143 74 828 63 972 228 440 478 125 97 650 657 227 25 326 178 236 442 744 81 976 67 847 177 125 267 485 106 261 817 618 706 576 988 258 179 137 72 992 174 572 52 550 316 476 632 122 985 125 696 621 134 156 472 815
271 986 758 769 209 155 699 279 189 480 461 354 480 238 353 206 251 212 665 17 573 77 704 784 131 886 753 701 819 44 574 735 203 371 806 485 636 916 295 367 173 906 912 765 980 450 245 612 74 77 325 631 716 510 757 334 101 373 808 971 218 54 997 271 992 299 483 255 661 132 711 128 7 667 281 946 846 601 655 981 843 744 471 231 678 434 88 822 322 588 34 942 523 792 730 477 871 249 230 86 728 823 443 424 120 659 353 772 878 888 44 166 387 237 292 660 839 283 26 594 171 213 895 213 717 725 23 950 427
901 782 897 291 280 873 448 334 933 593 802 363 956 175 87 185 764 99 254 450 668 176 953 409 185 135 240 937 108 586 383 953 863 943 239 304 77 89 398 551 411 413 92 222 953 480 453 471 486 338 79 198 552 324 304 70 885 359 718 737 381 608 555 486 451 706 572 419 688 43 83 315 775 365 932 335 100 446 400 906 919 790 80 583 40 152 508 629 200 939 825 84 622 815 714 758 808 287 867 602 698 669 925 800 941 43 397 939 523 869 16 451 887 51 63 948 349 365 135 550 172 93 976 1000 71 309 980 791 798
776 781 54 797 269 574 914 456 347 174 792 125 333 399 319 552 760 866 864 385 480 6 455 457 296 844 609 336 180 504 528 994 546 373 508 703 284 914 730 639 185 703 366 190 631 306 188 656 563 679 165 383 339 904 529 80 397 214 748 128 28 469 167 237 241 758 465 341 898 662 508 413 323 559 879 188 161 277 688 835 491 683 519 780 120 128 119 156 17 583 385 730 139 18 962 323 945 186 534 652 954 243 370 688 876 913 32 445 490 560 737 34 671 839 724 23 19 251 771 588 474 369 283 944 290 291 533 664 420
118 561 874 641 20 451 462 935 138 375 43 828 34 127 174 726 564 411 989 197 76 132 43 245 426 339 603 498 75 167 808 12 65 739 443 94 549 959 962 694 408 411 555 532 938 12 64 41 888 908 713 701 367 833 120 859 357 385 642 320 366 235 128 69 861 968 475 882 674 556 105 75 525 408 137 788 677 542 344 925 725 677 421 568 785 378 868 1 608 399 436 499 876 337 371 238 912 13 643 581 864 164 651 262 585 128 613 752 521 88 946 333 353 943 953 736 432 288 292 876 870 777 452 180 609 348 100 663 702
58 912 31 427 166 475 356 980 234 983 834 439 530 791 616 789 833 493 57 958 520 588 673 38 402 938 865 25 692 531 282 782 352 166 218 115 394 806 504 782 514 130 959 857 812 208 324 185 563 177 475 69 525 801 420 873 576 336 314 985 289 414 549 822 532 57 4 621 771 548 249 80 777 89 449 447 756 255 333 768 181 477 197 357 149 833 879 289 87 396 618 670 107 467 673 225 918 756 575 984 260 666 918 280 837 79 216 810 348 292 769 662 665 592 111 210 650 911 928 366 474 29 70 638 106 662 253 329 982
730 103 261 128 902 823 685 150 358 836 472 616 374 632 800 228 649 363 605 995 603 427 129 125 687 93 123 162 558 552 313 232 514 209 807 839 617 505 481 167 224 121 15 222 786 131 88 349 718 779 167 263 985 142 171 160 416 886 379 519 763 245 335 28 766 708 526 734 351 517 787 652 559 260 16 873 869 491 135 178 946 78 149 801 742 458 61 899 977 73 187 831 743 193 82 917 539 876 64 69 337 611 680 874 105 366 671 545 931 811 564 260 377 225 282 517 773 60 675 397 437 770 532 422 858 374 929 85 569
842 806 528 6 319 800 863 256 726 243 871 150 10 811 967 395 249 990 478 498 610 887 707 573 903 2 761 339 451 871 361 123 81 100 420 943 703 346 104 311 350 345 746 248 476 242 928 958 749 526 61 262 103 570 249 628 833 895 975 813 532 33 968 928 256 1 649 492 563 571 697 847 210 924 13 595 74 69 582 114 816 311 362 361 954 583 973 165 566 249 707 323 494 739 379 766 979 818 956 760 318 51 68 34 398 666 163 330 411 403 929 592 311 493 226 508 718 507 721 437 809 162 292 141 981 506 51 994 733
67 835 617 683 597 657 806 943 513 607 130 179 276 340 69 772 826 870 189 579 42 327 578 203 902 558 237 773 773 8 313 642 911 188 329 804 868 534 818 612 543 254 706 169 316 730 259 776 69 359 62 810 830 286 789 7 298 998 118 505 753 538 615 704 47 483 420 138 926 128 950 531 992 222 742 458 892 552 631 837 136 586 849 213 950 858 584 832 108 321 780 55 749 289 516 755 124 474 842 376 317 8 521 946 804 143 60 863 615 596 962 323 264 610 502 252 371 967 745 770 546 107 220 660 465 396 358 304 217
186 379 325 7 52 826 147 601 270 55 467 861 791 116 573 630 230 280 135 304 280 868 647 212 999 645 734 659 941 959 166 107 903 830 740 290 457 924 761 518 85 161 871 655 910 872 819 601 902 331 544 99 65 961 540 953 270 233 171 852 920 305 804 940 506 423 908 939 910 803 292 863 930 135 284 188 106 694 739 458 533 276 941 7 570 743 353 861 902 287 405 514 998 754 391 491 205 15 940 402 734 758 144 872 698 989 704 132 231 138 568 916 209 978 510 482 926 646 495 765 962 553 470 682 251 621 736 503 217
510 22 224 409 224 647 428 207 139 595 112 379 120 911 919 51 468 744 821 263 569 422 325 469 19 977 268 959 848 671 261 690 788 224 688 838 361 933 42 634 983 892 522 873 390 717 58 734 327 927 395 679 548 394 856 638 112 895 779 532 443 200 838 95 380 596 261 992 873 920 702 329 66 181 921 517 647 660 802 168 559 908 321 158 708 935 895 187 276 181 296 291 411 380 154 337 80 217 10 598 468 118 416 165 183 288 321 148 761 367 845 940 246 923 668 707 837 902 111 202 443 400 94 788 129 5 311 599 619
88 583 20 239 386 559 716 354 916 161 795 611 199 248 661 122 31 407 924 680 987 307 695 508 158 407 120 978 552 717 611 769 327 153 891 286 494 75 652 12 914 682 154 606 609 585 411 458 490 32 649 263 147 977 243 852 820 832 76 233 22 954 182 42 329 673 660 975 36 609 490 111 496 501 531 788 64 379 372 373 432 961 377 658 880 677 843 196 700 44 73 878 333 296 635 726 187 451 681 385 595 819 662 614 231 565 824 989 589 517 624 112 315 864 16 87 306 608 917 60 639 204 495 546 446 656 218 166 540
568 799 466 310 315 941 337 444 788 993 571 27 255 451 746 602 862 808 507 212 611 102 814 175 573 669 547 895 724 763 695 816 375 488 963 548 125 376 189 222 726 496 384 261 86 675 231 469 188 995 771 419 19 568 788 746 520 380 618 405 177 296 773 635 547 894 745 613 112 964 895 272 810 844 590 197 518 648 594 626 142 1 601 928 979 576 70 595 522 433 81 490 412 369 614 111 941 922 976 363 21 633 8 584 676 414 796 150 688 144 908 674 877 203 692 807 345 73 632 499 517 788 493 419 33 742 73 947 300
292 902 280 161 288 113 846 811 277 930 512 997 783 913 746 554 357 456 710 681 326 438 583 205 576 802 577 519 625 976 63 494 241 50 710 504 964 114 379 223 404 897 808 755 579 932 680 614 208 815 722 335 807 821 324 507 108 377 393 646 176 822 23 448 686 286 428 733 583 809 517 691 742 765 206 962 258 180 33 643 949 781 649 141 331 344 344 69 44 979 567 611 995 53 557 305 853 685 404 8 785 732 907 633 363 190 318 700 332 965 604 41 279 76 706 883 344 743 834 138 649 368 692 547 669 504 96 506 720
393 223 929 150 180 502 49 936 744 431 10 8 691 493 877 959 985 526 391 620 894 495 770 507 98 697 48 944 432 668 389 732 884 43 639 2 744 565 292 920 652 744 528 553 159 773 896 236 597 714 359 799 781 206 586 19 318 127 700 350 224 757 77 39 143 800 119 934 162 231 754 758 588 250 30 720 604 244 564 507 238 350 718 168 417 54 548 936 425 273 577 607 436 196 711 782 978 21 694 932 487 282 396 222 122 181 306 268 1 727 887 662 112 962 637 445 919 165 278 263 852 602 330 281 543 882 705 363 306
839 113 576 225 181 312 959 249 582 594 827 125 45 344 544 769 159 296 553 388 711 497 820 396 360 738 828 419 393 401 38 315 804 861 17 385 790 100 797 417 937 186 478 251 899 181 57 171 993 268 684 458 36 159 348 445 326 415 874 824 909 67 408 368 107 891 977 702 121 678 326 457 591 826 840 524 510 223 468 212 259 640 679 716 141 183 999 571 350 925 296 655 360 485 562 593 230 966 89 241 179 154 335 136 356 827 814 492 365 143 920 923 367 390 709 327 884 353 706 269 631 164 20 145 254 648 427 807 601
796 268 154 478 31 860 301 810 358 609 782 694 581 875 38 510 128 613 406 945 107 372 774 440 553 173 904 487 234 564 900 757 616 980 187 79 871 433 979 146 549 845 354 328 308 394 531 183 941 956 726 181 801 904 600 23 365 890 16 97 262 558 859 382 966 358 698 662 21 282 631 81 239 758 714 723 657 638 987 596 118 213 173 457 709 879 982 157 312 746 961 240 49 189 364 741 602 529 764 797 96 375 816 600 870 663 375 755 995 988 947 469 288 543 119 463 322 908 971 70 602 969 278 546 572 144 219 289 44
457 333 550 508 698 58 803 373 276 155 301 242 847 195 498 260 856 417 873 551 566 912 834 314 208 784 31 345 735 992 403 968 54 697 48 871 25 381 462 264 771 779 844 574 270 611 583 692 117 230 456 411 370 967 820 700 986 251 418 277 773 35 685 108 224 509 479 797 809 73 571 909 387 365 285 752 193 876 708 720 928 250 541 220 935 113 377 672 335 309 191 410 54 657 616 806 963 469 580 514 310 840 425 431 707 342 620 461 341 950 398 659 325 539 394 346 118 889 202 683 39 865 645 106 700 448 330 817 708
814 973 752 968 637 500 673 130 252 406 695 250 251 802 966 314 469 497 187 409 950 225 666 19 913 686 359 727 636 865 915 397 519 185 715 604 951 697 572 109 820 43 537 415 725 223 550 549 648 194 246 85 189 962 268 162 655 10 809 974 580 800 713 915 780 677 127 353 479 152 944 358 217 607 873 874 664 326 108 458 911 940 746 986 518 397 627 814 783 665 310 547 575 35 643 439 325 993 540 953 687 166 211 963 747 863 201 251 392 761 330 769 25 734 374 420 358 984 912 465 948 77 510 141 352 421 205 816 707
295 305 89 796 176 497 344 537 513 158 317 630 774 48 152 631 377 377 550 724 154 237 997 866 740 862 728 327 29 962 813 693 23 503 997 172 431 879 997 840 717 941 466 961 654 243 418 889 776 501 800 485 944 1 928 205 606 225 941 989 519 69 700 479 157 900 574 739 368 196 551 620 380 169 261 496 956 152 882 32 766 762 314 180 913 241 153 856 236 856 509 997 714 204 169 795 957 197 592 14 182 878 514 758 361 301 688 547 922 94 298 108 417 413 436 421 352 731 476 183 804 577 693 344 875 353 921 837 645
882 68 308 500 965 730 259 507 477 729 458 245 994 374 895 510 960 92 126 936 350 475 99 551 93 773 678 660 791 269 155 608 461 704 110 716 448 233 22 955 397 594 492 449 753 448 372 87 699 452 755 125 550 354 460 834 529 786 294 525 983 459 128 108 489 312 840 222 353 495 64 150 993 740 551 175 804 295 198 439 876 985 983 584 242 548 625 222 58 772 705 419 225 543 333 668 915 236 248 842 2 139 401 659 961 685 219 762 506 458 898 530 364 781 130 986 161 190 716 371 718 661 271 947 560 176 909 826 967
951 705 191 24 170 164 806 856 140 424 663 107 974 326 259 406 323 216 701 777 120 769 114 371 787 193 292 807 125 407 897 21 270 946 70 771 926 616 678 884 64 839 582 128 28 155 320 902 422 421 354 766 275 886 842 121 240 247 259 723 340 950 733 367 200 174 216 625 820 992 407 911 442 895 251 966 599 655 344 701 793 3 297 801 325 567 644 250 328 398 231 982 454 91 228 167 252 940 724 192 221 572 827 604 392 398 469 251 965 921 947 568 916 445 565 307 804 561 280 937 725 847 342 793 708 545 366 726 790
279 666 40 221 425 281 937 959 218 388 924 639 229 143 661 364 292 897 674 337 440 285 928 992 998 517 24 512 623 884 340 393 866 452 389 864 179 490 484 491 94 739 32 993 63 184 175 846 377 109 673 488 89 457 371 223 484 954 44 510 916 505 708 36 501 6 990 677 844 897 905 165 795 133 555 806 282 900 948 855 259 723 605 974 363 425 308 518 753 176 819 413 951 801 846 755 633 275 126 610 270 477 985 59 472 951 548 381 265 891 391 615 341 331 563 540 830 972 613 508 441 492 981 317 42 790 325 518 772
733 438 306 441 448 27 27 674 303 402 856 824 199 914 447 278 467 936 185 915 123 276 845 57 204 127 622 702 228 596 849 400 177 207 718 244 846 980 793 131 893 323 682 290 452 596 513 278 621 15 189 426 444 550 541 393 215 239 644 255 478 712 755 842 70 706 979 610 336 67 885 16 860 109 174 153 429 130 72 338 724 567 997 986 787 761 261 46 471 574 72 427 386 122 433 130 466 694 164 66 882 948 311 8 247 561 794 334 836 433 990 167 45 636 778 938 779 242 307 773 308 136 653 284 717 378 873 908 316
729 996 600 88 144 238 189 603 663 376 967 396 594 745 658 753 188 441 262 13 809 528 429 939 812 224 893 324 995 930 94 303 141 404 483 615 468 951 351 507 3 118 4 843 413 289 409 836 207 831 168 492 99 782 587 798 653 331 198 943 550 249 53 746 558 837 232 743 212 815 290 514 268 511 344 595 467 823 68 53 11 862 812 697 681 750 684 653 41 264 322 985 642 513 432 813 656 822 766 778 398 443 222 518 940 746 736 333 347 874 953 834 865 77 39 329 846 656 255 470 999 217 675 922 288 765 244 230 45
258 788 83 137 448 271 66 659 610 527 421 738 501 700 662 336 816 381 694 26 961 118 680 163 974 642 909 647 539 241 657 580 891 922 496 83 161 671 490 321 752 436 463 27 738 728 370 32 209 601 438 147 134 758 964 978 420 642 812 162 662 188 605 931 505 528 345 823 116 110 317 42 937 679 191 286 229 772 19 223 386 998 798 233 208 568 850 908 338 427 292 40 156 501 61 305 210 560 748 714 552 185 901 542 105 632 165 771 453 792 220 354 654 108 618 657 880 537 254 14 461 565 290 71 640 5 571 119 100
573 898 760 408 301 185 222 31 643 470 437 915 966 714 838 980 120 724 643 214 751 93 893 835 180 836 267 53 397 506 237 866 633 550 259 284 190 678 789 275 422 338 575 216 228 119 318 493 982 449 95 716 177 662 832 690 673 422 198 487 532 382 670 84 510 800 963 763 117 795 141 848 154 439 921 129 820 606 926 983 237 662 599 55 319 99 555 803 914 82 560 372 807 403 218 813 177 843 966 911 834 955 594 979 189 680 382 3 754 962 268 664 432 576 671 419 585 418 864 830 521 223 54 199 336 185 578 442 719
857 72 939 447 698 50 947 946 932 712 803 243 22 71 832 265 627 211 801 766 513 331 724 662 5 648 486 559 721 338 638 851 240 970 797 842 945 998 432 746 991 628 364 150 534 671 948 935 252 4 45 459 466 174 851 20 378 937 541 840 805 258 945 442 201 204 303 443 695 668 653 99 574 746 643 655 123 991 631 727 993 629 688 408 14 103 356 675 965 439 477 382 658 164 940 566 86 834 180 564 441 110 714 197 559 771 742 60 370 139 963 956 699 732 844 734 571 677 277 906 515 19 501 415 875 567 907 486 152
537 21 449 230 641 246 387 887 15 352 632 365 751 689 861 75 986 117 345 686 681 765 601 474 206 374 611 940 688 594 367 518 359 121 378 302 288 128 935 144 172 301 419 530 388 756 465 400 479 296 783 555 286 204 514 920 981 135 674 827 201 173 462 79 998 79 336 176 437 140 809 25 961 166 394 758 822 539 314 556 857 482 373 22 843 280 824 637 329 883 326 786 417 232 245 557 219 151 616 632 85 688 767 779 722 792 269 502 763 917 750 880 316 538 5 586 379 235 488 369 639 991 142 833 832 226 983 17 234
832 587 53 556 9 325 211 331 430 250 166 998 386 309 627 250 102 287 935 604 939 74 216 642 939 701 956 680 690 381 539 819 176 69 524 465 780 267 768 115 423 567 482 53 85 601 294 136 198 817 661 312 912 721 509 368 794 960 847 659 630 197 263 862 850 356 884 854 935 613 913 529 33 659 952 161 101 980 974 170 261 307 19 241 199 973 884 223 562 160 646 185 812 544 630 135 92 863 255 313 129 629 122 382 303 904 322 947 835 466 288 580 267 548 757 444 937 733 336 733 785 663 908 355 564 296 828 984 996
822 222 17 449 90 885 340 149 153 345 438 669 313 598 604 829 286 500 299 80 158 913 301 84 40 147 228 250 529 675 90 567 832 524 729 561 38 420 980 468 695 393 139 381 216 386 849 188 709 971 624 412 546 692 728 979 961 902 881 410 691 208 171 577 27 13 543 778 945 653 954 354 555 123 678 560 740 644 346 14 752 544 727 672 850 398 256 727 630 431 871 648 765 191 454 261 751 753 34 38 669 112 700 798 213 878 586 530 763 650 942 11 113 257 623 715 836 529 24 10 1000 659 502 973 547 415 318 776 332
833 626 45 892 547 80 884 203 12 307 543 432 8 458 151 390 858 314 827 876 730 246 503 766 969 68 950 786 411 540 459 150 984 70 855 251 704 885 832 578 951 940 724 234 427 746 903 255 604 478 250 375 164 410 82 500 476 241 299 721 272 321 487 363 121 152 992 245 137 46 73 868 250 324 710 583 531 357 546 124 464 261 546 841 835 641 888 80 259 244 402 442 282 736 802 7 498 584 88 253 206 619 434 471 322 705 228 166 652 417 27 329 712 151 56 726 58 168 97 503 188 958 370 851 212 454 418 621 287
615 849 935 638 105 172 548 81 443 857 407 476 539 814 875 359 445 870 966 766 773 350 388 801 173 6 275 619 997 59 649 119 861 459 32 41 177 633 36 715 813 569 162 271 884 207 831 896 108 133 775 811 741 582 933 873 535 949 659 749 191 284 434 598 636 167 725 932 560 24 436 189 468 242 649 13 23 556 688 536 6 536 811 282 555 730 221 390 173 545 800 312 926 387 842 258 48 297 652 592 434 575 595 341 782 777 911 685 549 65 459 96 563 243 850 821 358 341 541 839 480 422 118 737 911 61 996 166 635
654 405 476 548 766 396 681 674 234 438 188 11 673 646 958 137 360 889 82 75 626 490 238 931 834 113 715 274 567 838 231 35 351 35 295 743 118 154 344 21 193 734 394 469 632 395 340 292 968 883 267 916 380 873 267 407 430 994 709 850 400 726 572 416 320 239 758 845 614 997 614 999 567 944 879 110 427 837 632 468 471 336 142 756 873 727 141 468 488 680 812 957 937 470 623 459 643 452 396 12 431 565 517 585 220 951 409 307 820 202 911 424 520 966 604 115 248 767 611 796 70 596 477 493 823 676 484 264 490
816 948 326 25 59 51 184 543 433 458 438 880 123 754 176 890 683 390 18 455 355 398 588 924 975 651 404 711 531 578 17 539 423 156 657 760 416 460 69 703 995 90 625 511 673 144 455 132 149 626 134 472 951 397 320 494 96 635 540 568 356 288 114 687 340 826 750 288 28 979 239 170 67 586 835 723 241 677 797 145 503 53 129 121 264 801 789 820 493 793 586 40 134 546 725 44 508 178 515 666 608 375 639 287 550 614 436 989 891 852 151 947 17 446 373 59 47 555 22 322 638 691 555 822 176 175 476 636 751
979 222 674 203 508 584 389 208 320 960 286 366 411 25 591 859 317 152 281 401 710 704 138 563 338 134 380 918 497 501 866 799 448 672 276 650 924 620 18 600 170 729 632 455 199 337 236 228 57 444 561 956 263 596 225 336 451 814 640 826 570 149 36 996 676 700 348 978 889 248 22 202 648 965 334 551 864 628 139 338 464 363 197 227 360 12 995 232 726 677 437 807 598 726 140 414 318 275 958 819 919 842 390 584 418 697 439 972 406 63 588 128 227 820 810 390 82 929 695 220 978 252 625 886 606 999 30 646 129
444 29 214 306 196 717 202 755 894 714 939 410 70 716 292 155 91 537 358 381 679 62 357 227 738 329 630 680 508 159 239 822 748 73 311 392 960 661 37 343 492 250 955 480 563 87 224 794 54 899 835 696 179 665 239 428 611 324 800 691 761 491 379 657 96 293 87 391 732 91 392 490 486 563 482 139 196 507 916 815 338 533 417 313 212 583 586 894 127 730 820 515 439 897 225 499 358 217 848 608 958 819 309 459 323 596 463 179 351 359 906 393 317 890 119 763 156 206 841 754 445 431 843 300 563 338 834 129 899
681 925 610 773 193 423 774 14 567 28 222 237 76 825 61 731 519 921 959 50 822 389 775 994 499 794 461 917 920 993 295 904 736 859 421 399 273 325 378 350 161 850 612 945 815 389 485 278 202 739 988 417 502 265 531 625 144 344 979 758 471 587 241 13 570 327 205 765 372 601 192 393 726 172 203 162 2 738 514 773 902 485 825 119 900 403 740 987 59 278 206 47 54 529 263 211 751 720 623 184 996 907 76 924 565 947 767 985 376 847 953 525 695 780 5 183 178 105 33 488 900 181 12 438 947 214 345 513 207
442 530 930 82 102 11 342 460 755 718 423 229 211 885 764 117 499 32 688 786 358 739 856 638 833 577 598 128 785 823 806 375 81 896 518 207 353 728 575 658 863 286 404 204 180 521 395 487 359 283 3 681 343 666 247 90 898 281 669 217 883 937 66 551 647 977 959 809 789 506 296 903 720 825 106 846 457 22 616 960 51 903 631 302 3 689 625 462 8 366 712 336 548 306 323 481 527 89 976 459 806 245 853 905 667 275 333 211 943 56 32 838 23 347 215 569 449 953 944 927 53 341 858 395 482 279 509 577 283
135 753 212 834 268 209 398 989 292 563 457 551 137 263 910 29 606 27 1 252 756 133 669 465 932 714 811 613 384 432 517 97 182 202 131 176 615 248 689 245 483 809 599 225 363 32 944 231 408 74 530 301 951 166 529 676 344 231 973 357 553 473 265 603 927 83 447 116 922 116 276 244 682 391 114 483 336 719 125 930 352 861 13 294 281 761 738 862 995 383 422 439 811 783 882 40 1 704 340 293 818 920 960 930 445 759 855 472 748 265 885 404 399 404 684 795 670 519 454 700 514 910 414 724 977 2 920 223 175
982 787 327 574 48 894 699 322 470 76 129 596 689 563 714 563 564 324 983 336 820 237 86 207 662 832 512 740 470 585 134 545 225 354 186 233 723 424 855 852 77 942 557 77 920 306 742 84 11 524 2 436 958 848 975 763 854 129 337 288 794 860 142 902 687 918 119 63 290 531 885 842 283 272 296 431 5 977 113 104 155 925 42 494 656 229 334 651 790 568 580 885 220 663 338 989 395 903 787 386 105 617 556 405 580 623 322 176 603 33 668 514 233 577 233 985 582 995 504 565 771 340 560 285 107 12 654 430 964
658 413 377 414 953 136 663 489 409 350 759 61 18 102 88 57 384 469 81 90 625 187 703 436 56 550 925 97 286 696 192 262 241 709 576 121 388 994 389 784 708 961 520 817 663 457 227 440 365 855 90 15 607 649 861 352 516 561 196 873 448 451 109 61 774 886 18 661 698 76 395 501 757 297 527 718 442 222 681 545 281 31 790 617 414 524 742 556 949 860 43 485 968 859 689 876 84 716 638 563 271 638 917 928 465 240 104 961 632 901 558 430 82 29 290 789 394 253 521 174 695 942 663 861 847 881 622 2 231
496 625 652 521 658 437 183 964 951 933 976 713 404 363 959 564 73 736 248 132 631 359 361 503 440 274 616 149 533 739 882 881 934 122 605 657 570 202 699 862 323 692 936 101 740 421 836 386 270 233 844 741 644 333 713 308 599 605 720 748 652 677 722 255 880 951 462 404 618 842 723 378 990 736 588 135 416 628 67 112 52 139 861 836 495 578 901 628 726 323 431 1 915 793 959 475 781 260 718 98 278 554 918 979 509 474 811 214 197 142 596 568 273 25 609 693 698 937 382 480 495 704 410 90 702 794 572 177 149
235 291 969 741 126 362 469 350 257 304 804 306 818 666 833 287 248 244 705 659 127 434 582 613 926 686 862 175 667 340 15 829 285 666 632 602 530 429 716 309 675 53 101 182 547 966 292 801 943 344 322 839 770 115 964 924 144 560 822 722 936 587 242 378 572 616 853 89 698 898 27 884 160 8 818 48 851 189 560 643 187 243 680 476 451 403 728 240 523 214 876 956 643 926 639 786 975 390 131 745 657 57 392 51 239 901 246 698 734 237 983 569 411 976 476 469 902 417 337 313 529 755 719 467 809 357 335 782 415
119 979 52 201 541 286 110 312 59 694 674 60 113 124 222 41 923 193 665 49 310 839 332 635 307 230 738 380 525 815 904 820 596 529 849 950 562 896 342 752 847 213 695 146 627 973 211 202 781 238 760 8 464 537 537 884 268 316 577 893 503 635 246 162 98 265 147 694 982 417 571 696 549 999 121 74 714 140 588 474 809 362 334 492 449 954 937 984 926 370 71 267 612 872 539 340 332 822 224 101 42 471 118 535 883 276 303 16 298 432 514 235 533 73 726 571 692 322 879 567 587 262 900 589 732 605 428 667 813
9 61 680 302 385 338 921 864 39 169 336 481 808 749 237 847 429 540 252 864 593 614 142 641 291 493 177 31 22 805 879 975 718 519 43 901 571 840 374 525 954 272 739 841 593 308 171 645 440 238 605 244 586 875 127 527 232 310 886 168 436 82 987 283 375 923 898 209 243 903 66 727 917 104 629 933 483 198 942 763 225 982 347 142 46 996 310 147 911 586 400 162 874 211 408 284 554 187 964 996 240 268 128 106 577 553 537 878 689 102 248 309 47 996 334 795 15 700 594 113 424 746 662 852 486 564 493 973 290
409 321 298 27 325 53 547 934 876 247 603 917 571 773 633 89 758 358 120 157 873 384 941 600 612 135 655 409 206 426 186 298 878 697 579 801 212 477 260 193 814 497 842 309 898 726 119 65 724 984 631 729 273 25 260 427 801 959 505 472 402 43 173 83 241 809 325 174 263 440 220 800 194 360 473 899 967 239 881 691 790 903 306 818 980 361 391 276 318 397 494 471 653 881 853 854 987 245 62 434 147 756 79 809 708 192 500 284 26 915 608 154 791 811 672 276 68 517 541 293 988 205 303 475 987 667 956 37 904
731 526 627 795 95 868 854 943 909 617 571 464 427 802 375 824 647 288 926 250 309 802 854 143 799 116 569 398 511 287 911 846 157 709 186 710 488 37 268 917 226 781 923 150 427 283 999 749 95 285 294 695 702 986 398 413 317 416 105 359 192 916 959 230 173 108 390 193 704 813 613 259 316 908 580 573 824 952 786 30 820 201 920 816 322 144 650 287 184 6 422 595 618 386 47 422 576 921 250 788 216 36 906 671 470 687 326 98 890 433 455 388 804 336 755 790 673 227 725 681 845 740 373 367 783 364 387 128 310
997 94 923 929 818 11 98 678 747 965 985 194 746 908 465 854 610 1000 342 601 638 161 530 623 451 501 813 938 551 185 141 145 411 602 639 11 348 210 437 209 506 426 652 190 252 358 529 115 774 897 219 135 221 808 85 660 585 589 56 681 761 696 767 586 743 891 701 975 720 758 104 739 518 79 991 814 745 257 923 382 499 317 770 75 503 132 31 203 72 261 258 596 107 347 425 858 630 588 432 5 678 3 263 846 383 944 43 732 391 60 772 953 853 272 761 388 798 790 546 825 39 456 550 26 3 683 386 537 361
440 451 856 637 510 399 1000 71 614 738 462 326 615 44 479 166 263 636 58 504 5 867 346 54 572 974 716 240 710 537 626 866 871 404 202 177 520 556 542 759 999 17 200 376 369 87 352 599 883 427 430 710 655 952 860 100 430 332 260 20 535 214 516 974 130 327 177 137 427 639 143 483 905 618 99 524 590 590 894 809 348 859 62 100 961 721 845 209 56 846 866 795 684 320 908 214 13 184 857 564 371 356 661 131 853 699 473 344 813 977 354 672 967 423 533 353 527 208 261 767 778 54 745 342 374 217 369 118 546
467 773 758 9 560 920 695 460 580 740 219 21 261 741 223 744 83 112 462 246 728 249 982 826 285 812 20 277 518 196 180 631 717 176 725 481 336 998 671 998 34 287 68 901 839 232 264 910 81 408 250 191 40 61 8 403 684 285 269 579 953 902 384 141 293 35 263 7 900 99 72 940 337 571 457 567 471 946 853 30 135 180 496 571 153 875 241 607 715 577 171 539 62 945 391 207 511 636 712 450 185 334 675 433 933 203 367 321 679 133 385 103 440 255 118 725 875 834 923 905 290 675 575 922 272 72 707 754 184
740 746 707 595 801 227 136 420 316 453 749 627 142 214 214 33 341 164 953 785 213 218 85 323 293 140 742 852 614 224 118 788 940 223 723 224 407 865 711 421 388 27 980 559 808 753 140 226 49 385 615 755 540 765 257 170 896 665 128 786 268 836 940 213 642 847 825 605 96 773 338 842 801 622 28 531 59 481 506 704 977 282 688 65 334 374 662 628 96 357 433 138 546 251 693 150 52 162 86 25 452 910 846 343 975 787 230 499 597 958 99 777 589 56 868 324 855 383 680 667 145 413 649 424 714 25 558 804 772
937 103 303 346 383 659 508 400 777 916 705 246 576 188 268 109 328 273 140 263 212 684 489 791 841 329 635 223 479 350 857 764 971 115 865 258 265 883 964 567 22 11 528 661 582 15 787 482 911 933 809 149 998 860 952 593 578 68 628 314 649 241 9 91 776 622 673 581 315 933 499 155 462 33 235 24 844 682 734 781 674 863 948 8 695 545 627 302 239 866 792 593 717 587 416 626 708 782 281 961 707 680 440 402 722 115 706 730 160 315 982 829 68 851 422 611 960 713 743 614 65 878 780 136 211 769 262 945 464
646 202 344 739 249 75 136 877 88 252 314 630 690 118 16 925 210 579 283 181 322 857 131 186 624 431 922 165 893 896 729 578 817 369 823 875 636 640 38 102 616 231 782 650 38 408 119 225 326 201 662 730 31 981 678 408 969 101 542 735 681 237 829 295 526 854 586 761 429 229 12 170 589 516 418 149 118 233 640 70 337 466 168 497 340 945 168 110 681 311 552 738 915 949 243 811 256 351 867 479 382 889 597 74 564 656 689 716 611 266 412 600 626 268 39 315 321 261 596 289 176 288 477 237 313 609 832 309 40
516 757 154 460 428 200 884 126 4 94 119 695 907 452 16 353 760 671 797 546 440 128 724 699 288 529 344 672 729 881 351 755 256 162 566 326 65 750 383 802 66 668 739 372 488 36 485 684 48 815 429 106 481 24 791 442 230 71 297 294 929 972 980 42 514 212 836 576 900 43 245 758 641 577 10 261 791 900 32 842 572 824 733 618 117 693 572 934 486 644 198 308 304 859 129 708 778 982 778 25 32 874 333 365 497 796 246 207 854 837 217 582 269 62 178 693 786 533 555 301 392 868 460 218 270 809 257 310 775
249 587 877 758 466 140 2 167 616 142 492 794 355 356 755 174 316 606 129 370 83 183 564 612 347 880 348 891 596 950 231 92 39 590 626 313 234 85 714 243 574 901 37 938 297 218 493 350 694 267 984 279 28 466 241 615 960 146 246 236 930 674 19 726 148 285 488 813 787 395 534 636 751 293 729 147 595 275 655 397 384 885 921 763 267 356 490 926 212 75 555 780 670 269 93 743 723 919 806 744 935 327 305 130 488 234 592 656 18 912 454 936 738 777 324 561 739 310 988 425 736 294 341 333 408 305 98 224 213
307 427 696 904 864 949 36 667 583 412 817 576 656 843 579 309 818 576 927 909 237 699 92 336 372 633 82 658 941 623 278 853 94 60 78 93 834 122 324 244 656 784 625 935 602 505 178 808 610 151 140 430 98 903 389 299 666 510 531 525 968 522 727 81 945 169 496 22 719 840 301 757 990 983 613 515 55 119 720 877 985 137 247 445 268 351 454 87 245 381 424 493 55 471 624 399 235 459 353 982 72 627 694 869 779 387 525 960 429 462 710 111 203 443 132 791 917 271 837 427 287 143 588 837 583 875 212 610 804
452 846 899 222 998 124 125 940 470 827 805 867 181 437 653 918 120 61 627 603 416 657 962 369 535 386 680 938 504 502 336 508 30 970 780 775 738 30 58 199 577 223 820 68 663 796 307 502 975 429 284 482 292 854 694 719 657 555 739 68 663 707 179 651 671 266 511 691 948 505 220 787 686 247 303 385 903 929 955 370 53 913 157 895 320 915 382 446 394 956 889 326 621 890 458 762 796 961 774 846 631 520 752 719 139 388 566 983 181 690 710 613 813 127 944 249 56 139 856 209 247 740 963 40 750 505 906 417 519
