100 1
121
862
864
428
307
398
506
498
496
122
776
478
798
310
202
434
555
956
321
507
608
966
84
530
729
263
912
644
224
540
673
316
198
31
385
142
206
123
749
924
833
934
276
950
601
353
99
854
790
850
910
100
124
419
80
653
794
868
187
535
440
696
159
828
257
932
691
123
787
146
365
583
910
908
929
877
904
708
853
507
92
333
462
607
553
893
701
950
91
309
940
739
901
153
751
762
599
796
731
616
