100 2
368 144
686 716
82 760
63 672
935 479
773 727
141 177
237 284
757 697
630 464
542 233
433 366
114 515
875 840
706 286
58 896
96 974
990 32
381 974
468 124
138 827
204 100
313 878
277 55
657 63
492 114
55 477
266 313
192 329
555 229
54 752
379 718
9 248
625 911
646 793
339 76
545 651
572 741
287 865
83 147
328 219
277 187
137 961
778 440
550 724
420 336
973 22
857 989
758 61
373 651
530 825
886 954
21 328
859 295
624 419
227 467
565 154
8 506
899 111
248 23
544 799
164 703
687 266
686 864
613 297
937 95
886 68
674 207
963 111
575 214
200 621
660 978
969 553
313 493
491 29
134 990
614 556
285 572
11 24
599 686
970 474
582 600
520 251
723 258
578 428
508 256
300 226
446 135
27 865
323 493
754 107
711 573
495 266
196 449
393 230
118 85
160 418
744 944
581 317
452 182
